1000 1000
207572 43521
513003 683552
58800 253576
16541 558695
759009 837369
656053 663128
456509 836712
317352 392574
890728 305549
847332 12578
240625 711682
829283 602442
648200 398407
648386 186604
678993 146543
423878 665983
870466 548136
114087 978857
569731 188064
41517 799543
761306 308854
394227 587381
645642 297184
657805 784999
947840 391877
57042 805833
152715 284886
225807 858575
399460 86316
589126 383506
578146 771066
759584 172541
580129 686510
582283 410791
6179 775426
51187 149286
126485 285286
546442 439684
191907 962427
801362 634815
209705 422769
885107 450969
827543 161900
351339 326301
665543 665930
199347 107892
740760 339418
997387 32952
579420 278510
442985 160558
956641 713698
22896 989970
3338 854152
20141 99594
661610 575275
38831 376938
784777 352327
309591 738606
941281 466792
850328 26576
406139 582097
473380 236491
729910 285963
746344 64845
496186 876060
420897 285798
579873 356383
333526 694639
106909 827769
717034 792158
507880 197159
351571 421796
231020 426868
590766 353868
779298 190383
895384 669111
455234 431540
599720 864093
675329 346381
658707 247970
233449 430711
6181 848009
901427 522270
238242 247240
431176 527936
136577 809854
302662 978565
102115 158070
314048 619348
778652 628831
697647 507005
300963 315805
654624 91046
640427 193563
354946 74094
104326 319753
778786 636376
112836 558034
141878 691945
769041 717177
536093 519645
533180 941513
515666 11925
370833 428090
767878 106414
419964 931564
693496 776696
711208 309268
473067 813617
571770 191381
571116 256767
800064 336026
211995 129187
234456 568258
219737 655034
279228 6991
728560 771367
742867 465542
287717 437844
810932 538008
369032 115421
38489 637548
708819 181758
967549 555842
214983 775409
754449 501993
913092 454637
637577 462476
793773 824814
399627 337694
183640 150144
626446 322800
639379 248673
209290 825723
285531 301016
825767 412640
802700 210152
46504 295564
979969 780502
829977 504919
134277 607936
482717 195032
955068 455540
167945 289071
464990 341573
268441 135959
74303 874545
65679 463862
265989 455514
900955 469641
874702 883198
177253 61589
331142 347759
647169 370427
45159 502028
170963 283345
92890 142143
421652 508411
940325 763742
796934 617957
846220 440940
129107 969937
642932 545068
119378 783188
308178 106130
771967 898403
142155 93617
529997 235853
429011 658607
206478 299974
598646 679866
567439 651669
910622 833201
971523 915933
516021 893128
532978 215999
94579 826248
759285 676964
875556 991449
670762 587328
90163 62045
800539 995384
624726 444778
462169 879945
680509 347567
179514 278642
318607 988882
697277 407915
539036 998882
450719 38987
716391 678633
536150 131874
296488 674005
820797 500932
641231 23243
729066 461971
971738 334774
33659 131518
963374 345009
872200 880052
103837 89917
151174 633695
244456 907215
452328 744977
435324 680656
643929 688969
15076 228490
253049 738887
176588 826650
890717 476150
994231 838969
675254 238149
16705 826266
618629 710937
791403 510436
261201 628217
566921 600036
514495 906346
871119 971924
338957 997233
438603 556010
956623 201934
840680 255794
162682 901245
807661 766228
16991 903022
184301 55850
372147 526112
633278 577771
661252 528255
409343 235150
99493 582760
971883 109014
476362 559233
617799 265848
891822 429659
205775 725753
309046 952847
480268 951461
328001 547115
789936 949606
80795 277016
361212 608973
442790 80394
80485 70858
707139 337881
316970 408933
417326 294278
543895 234210
953703 973121
813168 633662
785237 782816
177961 486254
103547 894782
158028 182399
942661 187145
173652 890612
722428 903802
868072 419960
220939 317797
979768 609693
620412 613732
488726 341084
86310 76447
108128 767476
795152 673367
159577 916675
941505 140559
909693 312399
906022 728386
783993 213958
79584 359760
513614 6622
974953 799437
647767 35095
598814 99451
104100 789876
504599 114506
126678 219233
564112 321953
837233 647230
840650 917552
231916 164639
223208 404533
169310 208782
963063 836974
815499 347941
197276 302568
745459 856729
822088 511033
763179 929381
830680 95951
209457 630885
637363 873547
508499 555580
455192 187065
527664 482769
914104 17539
221418 30582
886956 543408
147742 604804
888584 514998
666756 883726
461565 617418
261719 753816
962078 260040
115743 270139
524365 916905
206695 329504
318526 655294
988204 862430
191017 779020
311658 631679
643737 149568
885102 535078
84018 612192
491785 557418
251758 906974
535711 332708
937309 330130
763589 920694
499306 191948
739362 881015
417188 82807
330561 146425
875547 241936
806905 996025
687799 342684
555871 391291
27908 730691
144652 272870
188794 284642
781337 144594
591229 266121
65366 585744
986265 207015
725835 804183
543907 717714
917524 448740
848133 434241
136378 523299
618597 208427
521711 615004
737989 165624
462562 611817
892574 523961
87718 638897
727230 970517
195831 884271
559884 257666
614024 393905
437356 342569
239993 988023
786334 265575
272040 664374
46524 516081
832031 67360
389475 662165
780038 469531
34490 940126
378001 157289
728814 850895
87465 67556
82302 521287
729781 281265
204610 323157
97711 882753
894712 595019
658922 542248
992294 966137
717478 567116
777998 845923
414440 768369
883948 346046
280296 33888
517398 817494
862541 164357
565901 776529
584050 766475
936054 696825
214051 37006
518836 992664
646151 240959
928767 600647
642686 253152
370882 303426
272271 407403
155629 166240
253149 355056
804359 486328
577063 939768
767466 826593
900305 577017
373330 79341
884257 965442
827227 77119
945089 993845
995738 992937
762610 895114
289156 484750
560307 954977
339781 665272
66455 207620
232881 160665
829101 908513
36477 643008
973662 991856
998647 862170
579544 938312
49474 109103
19625 380493
204489 285953
543854 789607
650440 668828
920000 89362
833073 633983
888906 220216
837568 706484
472418 170753
709286 876367
457874 108833
507609 487970
168266 121988
797318 567025
878943 376635
245678 10957
931804 581815
879299 71941
969046 300654
430544 295383
199436 790053
448093 424960
573495 207696
590850 617361
878694 868248
268808 31847
63038 762558
228962 455289
704356 780254
416105 402186
473398 45797
653800 691224
784187 102732
435447 831795
663133 147594
532357 799181
674644 673872
744220 120755
248515 373140
118353 528415
383438 564716
301496 96172
129893 458909
518040 709405
169071 690387
202693 194305
107128 601897
430029 490553
814177 542332
528040 364349
70810 601299
229014 364575
115503 631344
76191 128159
257894 976103
134108 532563
330694 255178
920743 112770
307055 20576
234073 672139
494879 448831
111994 446079
64673 741232
716537 404893
612801 203723
167600 932399
849996 653634
200091 43499
648335 191616
258947 769791
942526 129907
500862 9523
183978 566711
363208 878771
893860 604355
932778 137743
381546 349083
610333 618338
598510 106534
891337 280308
479973 615803
90955 937878
573764 543703
36606 462648
898180 946441
933155 526571
87077 716302
611826 414432
108903 589777
449025 306491
132714 548146
856375 782188
408117 874685
804386 938884
69550 952596
199892 836236
352845 966114
17562 902677
469593 845212
841387 42520
65624 617293
82729 986213
859396 981663
44135 868997
302179 751637
715102 319181
208610 898771
936700 346162
759929 100482
215778 451530
398332 993956
347495 355848
497662 951345
545337 407938
954041 269390
974418 815650
521685 992840
252203 995170
488877 210446
193827 710908
904193 85230
355746 721825
250339 38524
787672 95339
913552 69897
716971 619654
471841 787659
619127 985328
956660 798685
502791 99602
934076 131753
727504 631866
229896 162026
74133 481403
18287 304173
615065 542916
55048 119040
107590 838566
802775 306490
902371 834604
520267 890606
686156 805663
276323 618414
264992 287808
265599 538071
34082 963283
450421 694058
188353 943644
603848 700088
863288 475329
511227 607384
856997 730624
477005 644647
146451 576859
406987 582919
477389 150064
449235 392364
162108 186401
239114 22202
464765 22685
201306 327108
449690 722765
268456 952937
136177 649793
328786 492718
531867 989
423070 582880
15312 420704
18072 821642
750694 501934
689685 318664
10266 28387
170896 74945
391867 698513
334371 425067
381514 58399
295056 460878
164189 172604
561692 307008
376020 4357
444327 751694
685153 290285
198052 544194
822165 146729
675091 227136
95915 781807
878947 746495
895693 552745
552621 361766
404132 569192
729365 390475
989541 76888
827639 500218
988918 882476
406847 197967
740643 112622
724079 371355
537084 124480
95723 419793
518671 724466
620844 502560
551255 534261
942771 111513
482457 165514
198181 459282
461451 20002
333076 654732
223456 31575
184052 748454
566418 265420
674335 252270
696321 244181
808633 522541
589706 588759
576491 777978
52510 194686
406957 735330
503551 261602
613403 624843
375688 310698
690526 366631
368255 351189
132723 654498
121485 189578
870030 280373
402501 538327
894805 601162
158910 76986
140435 785914
695502 669100
413339 513871
97551 882437
886312 850706
824263 138782
120623 567295
822051 311849
802433 445836
678042 968617
942890 703580
791874 659773
679463 252101
779364 417593
736618 687148
494733 563428
809535 16969
251787 774577
122081 965234
917146 283390
390601 774957
329727 941602
862433 569059
577907 450183
271535 541966
295043 332095
720669 446264
396199 649405
288169 373773
31715 588029
734486 744241
875956 781254
590573 38066
548038 266627
588728 27003
791876 95322
671853 112459
257414 840797
200288 80490
854559 861230
341266 748461
74565 103911
869209 979602
394892 369257
997367 281875
841999 197825
550276 395886
283488 971159
561405 922549
932603 152181
23494 342834
106647 659638
399091 257906
237073 816247
723804 655948
673844 272957
774120 415354
926328 443545
727713 577010
541437 662186
194920 463300
532345 606971
949753 824416
477390 698760
418371 564214
654924 51234
415068 47545
467310 343886
558789 410996
322079 328548
425008 390203
993731 317371
225610 186000
691698 927268
959183 572117
659633 210649
956649 420218
261314 602513
504211 635716
126060 449484
760027 132163
444811 793256
360186 455585
680193 613332
921437 996573
366610 830453
456286 364203
619636 278044
134425 609013
716175 980147
525687 455711
946276 185058
120546 95594
15796 202166
709371 840237
373296 317687
273601 807552
882296 301182
209224 550856
585595 707353
183788 131269
218928 920802
104150 535697
763492 84544
162047 567423
121533 119677
557966 502924
930204 98124
736263 107034
111054 1760
469558 147786
324628 859414
190616 254807
471882 470045
904190 579479
744803 37395
767108 360007
988109 918692
167097 35353
703402 283144
195120 956615
561299 308521
570439 214663
164458 482815
344901 791664
110168 585523
680557 445076
261509 760319
700718 191183
373884 471662
52156 303824
832893 395050
675679 363382
331000 27764
382146 695576
73629 688887
210897 9249
24107 130170
646021 203019
686519 840677
105399 960867
190080 697986
87731 556721
158407 37896
660728 366104
996448 473984
356443 606758
469872 196469
352032 559738
499342 467409
157976 642720
556234 609072
375806 511275
518234 986012
24758 445601
734982 765990
916745 96835
591600 919657
932825 169351
199136 601727
873591 933587
94366 371970
395157 64459
314426 499287
121730 264398
536929 882657
885258 257629
344532 221302
883286 803209
802339 659973
459107 639411
596006 660024
733730 824468
740319 863727
184375 439997
883542 673732
394211 495359
858497 305636
211892 532172
222301 622778
238561 394319
127847 423077
654241 139613
646451 489519
915723 608415
914916 826922
570604 501525
528353 718266
493974 97787
585182 705915
200463 620206
305039 970699
22730 828385
885387 576250
311438 499362
252072 890893
653784 115632
42402 68564
360773 361065
322793 925889
989574 577988
436994 202663
898106 202283
258854 694622
325390 290897
235936 126179
717922 715142
392399 832727
628656 289069
705466 417215
659273 663476
298252 493774
303170 578370
530504 470747
293325 866335
186929 905636
624643 998153
895844 407622
425662 59327
418197 826312
477642 386962
913183 173286
358158 402715
343542 552334
268225 948787
295551 43233
918212 231605
909 843072
866378 843782
901376 710470
979134 309724
674728 994979
895137 599113
667307 867837
522428 261015
225605 1417
459888 337889
332665 297012
277989 611025
230009 451170
523622 220167
323942 693389
267123 198167
943967 380035
695446 624521
668053 404029
895791 289025
889833 770477
144604 511210
320035 48283
85329 127193
450810 794191
587723 873011
78755 699994
691920 235160
467392 523048
977693 226065
797930 630289
284474 687765
380571 419348
214299 676048
748609 764493
802165 628785
573270 251999
25918 438498
155299 9742
326533 725121
40883 252405
310938 117759
981343 27595
487026 150816
998915 80219
883095 458050
714732 450578
798532 393090
242079 521171
533152 554245
362464 977185
395040 389281
592432 879984
916555 460565
12939 876092
968069 618783
421403 789658
211127 544280
442904 986721
525029 460827
158329 240677
254641 915203
174531 755793
529683 303961
235856 612722
348153 23324
444158 838904
968166 69407
205044 392455
440555 531548
427599 94512
578169 768764
600500 801785
967641 857820
449783 714603
753530 521732
388619 7454
963774 85544
844144 201777
485633 484527
790312 677856
963911 253855
878800 751793
662380 646800
301405 775070
540620 91822
878035 130454
713880 713909
111232 298412
181585 515427
269562 282137
630358 180039
860387 70141
549628 339135
586707 69411
127079 892754
393519 668783
807208 298507
913672 312451
466176 174698
162334 95526
528663 915714
442387 123108
499403 297350
946420 732004
473820 934136
612897 140613
77378 960757
214659 700014
456132 490122
822160 873371
557893 418460
698166 450742
780777 143554
9833 132415
773335 918123
722259 998479
701385 618290
118015 187587
496112 456323
538938 748837
516042 119838
823674 420977
947631 475195
330367 206392
925876 549782
115931 536259
18869 954560
233176 17661
42878 113455
56131 796519
246601 499234
655159 728696
350340 13154
483298 799501
726471 158889
369424 946917
597974 657758
754805 181869
340600 534034
443706 829210
74050 322493
532778 556165
60240 595199
445657 617046
250037 53524
554597 18557
23279 470370
568978 377664
794659 97448
411600 155298
442678 944053
376522 256483
939778 210222
248579 22763
572685 916231
791249 845767
918176 603149
18 108111
763347 450464
752166 933936
446441 187280
825082 363249
755329 741351
778133 853429
219687 676326
556404 558682
748339 639662
602299 363094
496809 3238
693140 16245
95589 834681
590493 761440
668394 647565
893727 916121
72286 820715
779463 289926
777029 244226
166334 607813
542790 912123
226594 29895
996507 20019
107933 687096
230417 956691
20769 768928
101551 856118
199558 506412
830861 856357
73462 345501
920252 409295
678295 150257
480404 597159
314658 329682
596858 316784
205802 69142
57836 865135
836683 871637
441290 887205
969070 64339
4975 312244
859168 704447
831991 85445
292345 208356
751184 240084
380453 393092
945539 75294
110645 773197
113198 190064
446179 934707
744078 784083
990633 477941
928287 978012
873288 587898
874860 324254
827432 269664
943832 935475
148206 106859
131866 814208
434554 292178
78815 586488
383141 195680
414644 608225
471980 675320
570781 581676
562460 555432
292887 468385
437352 647089
108698 525953
211888 573387
33232 492170
551880 241261
414745 580902
53300 157413
304268 21882
504755 897536
86388 184738
366707 557068
322507 940127
350810 955918
338092 7655
113406 6559
121915 878662
775785 709140
318976 612080
735976 691724
189997 734962
663230 535083
184118 77513
651454 423590
408709 257240
335379 926904
974216 697646
257322 626001
977405 920898
569952 180574
463487 321545
336524 358941
970566 218839
134349 753825
338686 584702
532119 940500
519879 420740
679024 696240
389308 740547
96565 409105
268547 454790
189715 341972
873243 963864
598155 156951
259122 522233
557983 466547
421574 173661
769819 4883
742559 463315
260321 105353
159334 6519
260027 595733
138438 258254
485251 566829
971855 551615
127924 983360
50789 746637
801609 689172
923231 165518
271562 246424
565043 695069
58333 679841
732959 21391
248277 852662
929603 988792
794253 572814
951573 258930
758356 231514
51800 722488
642038 230335
300023 220688
820408 420718
942126 359933
854551 199574
544223 297124
654715 911777
666664 550644
337869 115552
188952 233241
364129 989378
519096 144306
661858 955730
673769 618197
984806 795056
665211 842527
491897 686980
703271 127448
667044 370446
729900 459861
670973 882044
242897 800955
48299 11999
660867 789287
357537 980527
922057 586249
494046 615017
598454 369702
106154 926215
609501 537608
852841 803691
655818 416633
664524 35059
815740 894878
259802 792071
531700 646377
756548 661450
219104 314794
749323 338225
350098 177990
920144 739265
189759 578673
65359 314114
12272 215654
680168 652073
57634 545647
31633 166108
390024 100352
112227 68232
935424 922759
783374 671715
303853 808411
215956 706745
182600 777506
27871 802164
413962 709190
243367 455324
73950 760510
871315 299954
163835 36252
558110 154650
381542 55
884058 741975
660541 38563
529814 560523
474855 759730
224299 310803
811416 181169
439696 553190
15384 13462
592940 171759
229851 725804
798346 233932
190829 817727
294688 255448
375148 737884
345582 927759
191826 51038
258785 435807
80410 83808
243277 583845
521038 521647
44806 218708
560940 167052
290626 282462
101889 935829
451364 19695
26568 250841
789265 464891
421724 91147
695892 782489
700523 724459
460964 521180
263197 220276
243395 559764
670479 717156
216016 191782
39448 165882
815209 683080
117677 508465
739787 559374
903559 10181
811691 960987
696224 144379
165741 395600
114131 189867
28256 411363
95437 496390
640933 483994
74115 188606
518161 813355
261060 85259
264743 206873
918095 413847
920425 10061
973689 427472
571767 857077
43327 873696
985463 302579
122226 184812
465601 669086
115001 866112
751357 534359
216411 288141
48294 640432
564648 825666
519627 549536
625111 897925
484472 956439
836492 142885
679046 559263
674630 754404
640198 671458
72816 63556
315806 857628
407309 806406
369084 140768
55869 385671
927044 578942
348569 342012
41026 659652
886795 271608
7453 629682
708576 817732
982891 643577
937673 7615
839203 258638
578784 586042
681851 112123
59437 513637
102031 680083
370857 982421
676888 3777
176240 879617
17056 63308
306007 561571
517240 445854
13178 933547
711291 216628
16286 998225
457872 268875
531241 500931
222100 711393
749936 747232
169770 167820
953976 891926
736609 589332
22013 789343
861495 542751
425903 774210
56906 682671
508361 578912
776403 709
360379 62615
8642 342339
815492 829965
558318 346445
419276 132718
330492 491986
255002 717188
444624 23178
730404 4431
652656 568599
564328 733037
935646 955592
806166 458935
534069 697385
637596 904718
89208 631043
3994 999042
425171 67712
563516 815487
272664 163137
309883 92029
613203 351721
331469 280987
74512 782478
388473 239771
306441 436437
402845 449986
293278 696277
385457 191095
952972 269873
347012 21902
872775 733840
80275 298128
356312 995000
989334 686959
100175 508423
382778 665017
932959 282846
127664 677542
838862 272055
525396 24797
193651 333295
979185 215343
933091 484868
432744 329281
324587 485318
759489 74983
965943 689512
256094 689679
197461 68711
387702 951769
526529 214829
131087 843556
969667 480330
520390 752305
566126 871797
251767 953777
102104 94778
741214 516238
770573 658365
32831 664243
877253 748363
780320 201840
420897 13155
254207 287769
17738 296779
61201 584187
353196 739096
151451 24526
131294 531967
795571 341686
516210 998851
382841 149054
774110 131776
386232 377898
565955 349652
852396 622018
282028 602342
845651 592728
755351 788770
370955 212375
64499 447971
414340 451372
675830 92617
67501 812697
879107 235057
793528 837957
997538 269053
842508 64144
142799 968250
572064 97784
43158 949811
867093 544360
465581 946444
95943 537267
509958 341378
836038 673134
268099 349253
611385 453677
469188 929860
834301 997608
137261 558301
465836 734128
985818 673252
965378 860937
627327 202343
874697 244000
230101 62994
78089 313000
763750 938535
568090 376446
186600 911578
677274 248582
884208 282456
241868 780753
263311 834724
650119 301610
715041 308652
685449 374664
381521 275741
365528 183005
352276 388320
195164 699974
347733 149127
260940 923646
62795 285400
328343 293863
855184 338602
281355 21910
463387 118926
316844 193665
266897 437889
388549 251522
166110 458372
620224 397891
17762 875457
922672 711911
290300 700236
108857 16170
603278 241647
27985 165317
527624 660493
752377 7399
359052 636664
365202 359266
834842 628707
405497 105201
788743 434890
942196 545058
747369 483223
984173 164548
66023 760753
685687 708168
13753 491840
337166 692030
879904 787769
189659 270409
201978 25220
80819 606219
534483 915737
569469 649190
572523 886310
135254 824944
509155 241212
583226 314618
238636 729846
30472 255783
94032 893037
159346 71805
873695 158614
358520 585403
762400 929567
329141 639135
486913 151356
197178 59621
65089 618830
568453 11052
772473 648191
976596 477072
593474 415892
270677 264568
928861 155227
495480 332101
446514 993864
455819 745930
27538 529576
237987 350203
321495 989092
675904 601075
990202 788678
936366 56021
413411 331809
84266 649777
635037 783108
243101 607443
635204 264060
480409 845725
437141 932282
924610 992934
410490 612255
600800 477888
175941 808114
10765 908038
332689 380111
531905 824728
736627 733000
359861 519875
72225 708142
354137 496678
449135 628964
50788 406614
716494 574753
8065 908589
50343 495008
683184 216570
516638 575504
595422 59943
164036 518551
646529 22484
122027 136832
7969 883305
627747 136202
789951 47009
718486 840179
48966 874854
685496 97638
456266 252195
524113 877821
71183 281360
532716 233873
862452 597146
268381 764623
761039 445412
582542 31518
899159 51311
47574 134212
440115 425450
356079 94049
327522 154134
263029 163122
725182 881516
444248 332826
215962 608241
558961 874884
921871 75667
933271 355126
908653 575289
498093 823259
432036 66846
185814 625683
6608 603328
225197 366857
132068 198658
342845 269681
245959 851976
627880 723005
705661 502377
798480 603575
467495 504620
696363 441427
538381 308081
968988 126283
753895 914367
2252 514632
937856 944250
82499 20122
643119 366749
722463 494566
743278 304939
758990 609873
554166 824403
929604 357063
949988 377871
815008 225217
367835 726689
413869 395949
627706 123047
782098 995456
509576 194062
912345 407035
148368 485916
611922 357905
148155 944826
618505 67616
766832 5219
563351 196061
162173 786991
569599 624038
708139 191014
701306 812899
83010 531346
467362 833408
704952 464393
240779 360107
389659 261011
799435 727955
966069 768158
390314 239837
111992 108914
457616 195928
696351 298022
40856 860546
848556 789185
140942 5152
537298 300746
847333 503473
287959 256418
207819 263320
320859 594734
199341 629529
612159 713837
77761 243287
932694 593948
487502 982799
388234 858149
639864 359084
857437 551773
652401 160025
280157 194186
21872 682406
709816 675057
303246 447996
583728 39097
477934 304645
81503 258172
35854 375340
362585 57554
415112 506097
542991 908093
597698 12288
528689 960109
547112 730579
115257 651214
853491 150402
598072 517122
670074 147617
754766 416292
363914 420659
6255 182926
611155 86214
5538 235059
429015 131226
679408 137882
59437 563758
920004 330849
769379 353091
935834 798309
194089 21219
17395 411171
595037 187034
396416 840733
449489 719982
995420 487591
780934 72050
688145 316534
839948 741517
68727 150866
47061 44023
523557 320038
112829 940910
282700 134483
279724 775420
175185 645073
722460 754241
474547 667122
45174 239685
80616 48026
38189 167518
759578 208850
145402 564099
482538 692884
202063 474942
27771 171375
524936 461823
470014 927169
461109 356041
149638 341573
909145 277626
374793 976571
595232 142327
930874 637827
868625 951584
560495 643484
912704 132295
682102 743352
336076 380498
964493 705886
364563 35991
557582 699486
154325 822515
527359 451576
719228 774067
178144 196195
401959 813897
860820 416431
958958 576890
777128 336242
325204 30304
516321 509422
731659 440294
503513 790482
755749 918057
434311 546243
576807 825768
720730 105174
777866 654954
695219 597364
62918 447439
71386 797447
853234 663562
30302 433300
961603 532892
84226 368215
441675 938703
233629 24766
667537 230432
380764 339196
288341 704527
557593 31499
547803 406421
314625 353074
168462 775024
833353 891133
782827 736148
820310 168021
756995 422189
329584 854916
680764 304651
653897 989820
267063 882649
826962 363141
709811 324277
553577 568092
848078 363149
471239 520879
798978 300634
331756 280438
84661 85880
250087 56138
525087 135454
962527 467845
604600 456534
650872 288329
342410 993716
85951 794737
735025 969677
170892 943793
807551 598401
892317 758623
744410 889092
787310 969615
586940 331797
70332 781973
831561 424826
283115 615980
53796 625490
332548 886311
633896 402625
44617 333480
272982 808143
399439 50473
490292 944101
371508 312790
13045 296498
358813 245473
863850 198614
122037 179966
714830 625053
863857 383416
176488 118018
135504 10923
364464 826261
468097 915328
141409 505778
629151 748578
971933 635231
411061 673755
650046 714467
292656 774188
526236 122186
665795 186955
617500 686490
562497 268118
729793 230769
87090 916577
84586 243326
833966 606964
969923 981080
967237 450756
747399 254155
923913 986062
57163 966145
237957 565238
775992 271935
907403 487643
216481 402422
212678 988229
283776 933433
410867 842333
993429 168264
735527 81177
740909 182960
477019 11740
552952 687881
846065 261128
708417 593914
614199 779481
681841 236286
838727 903696
360048 995581
400318 543721
876925 46602
976914 217203
812637 259227
107239 538459
471594 559008
590598 985903
338247 772153
325284 510569
168493 151811
908954 132091
194031 36758
329241 467808
444745 330463
879242 11133
448856 385462
10580 157870
51043 903407
453401 884228
608145 86681
195441 90677
210387 653963
615231 802328
204334 303475
192801 243178
37773 558907
857701 838330
96370 104070
786691 716082
698781 407343
922842 760205
163971 748546
144387 294597
567163 406862
126129 811602
679214 275690
146215 367120
664959 961256
442692 856381
559464 677043
967374 553686
205361 823352
470898 356907
6528 509174
66226 194177
322949 357837
228837 287782
5257 30845
358295 215369
289465 163307
665451 143445
837221 339349
321808 258680
344426 128139
196019 313861
40493 700111
411918 24305
96213 905255
957924 155264
108041 47938
206464 163749
114078 14247
384457 983066
35923 455812
305680 967302
143514 34627
531411 814386
146396 836516
707064 940167
41712 952590
113284 734748
366803 982030
743298 719312
510656 217711
809977 364085
24378 2582
782120 229464
847120 494910
919553 506269
664577 757324
73692 9137
14625 165458
895973 176944
448759 546205
933730 383763
355569 81553
619465 264350
847575 362966
86970 499222
111099 440280
967503 121973
565002 326438
875610 333074
222783 996011
817213 694504
934331 602597
819040 332844
474222 369103
417594 822410
309150 682690
46567 567488
956332 393996
166760 415681
814858 486442
669554 100712
699808 918838
717967 936133
34203 432818
705371 901482
647568 681323
746151 548614
887075 933677
81941 979014
353962 569494
921132 213626
220155 509132
848573 153123
885066 720606
740361 196811
605132 708400
422676 441912
206973 158385
255634 271782
683703 215050
987916 153159
205614 440299
931512 934455
37842 241728
639730 153442
949552 526954
376332 95973
797074 741004
578764 936814
58210 590393
371685 796708
289417 81061
133829 426543
228252 249238
439100 291046
496364 530591
819667 5538
604501 74856
815320 775522
805541 400768
786694 650326
610517 294778
286364 777955
694967 93214
396104 605651
801388 233968
943300 81751
960047 83713
812731 349523
934249 767892
859144 480705
191917 710869
804409 757807
752628 34304
