50 50
667893730 299930511 713719934 43160010 945395696 905451696 682764309 573822150 560475257 27619070 916313401 376772577 832353908 426947300 927183577 370271498 779279264 751708473 100908467 690203257 592077646 363731486 272641993 734893505 197348157 81059054 442078044 814585230 953695901 457393215 155101782 44954195 73766735 495046991 559912877 191046922 797593306 852283172 380956427 263711491 279766584 864601412 847665228 948672558 47781101 612280744 390847465 416364219 435113293 663831723 333795440
806022063 702095409 370302845 661856194 10548602 121569827 469629483 584499269 465875363 324120263 526319610 309293188 691158833 586667516 277119980 419513020 212926337 605972916 309730670 215799969 426081620 283106481 539273232 31713597 26599544 532577533 390729084 512679083 816908370 63093179 479175642 487492124 406730192 393805151 110066065 922675471 404951202 754899030 272509428 69256272 654884133 725112094 601142533 492476850 313783894 103070138 674222483 24141674 131085855 911248808 715780329
800466995 714488376 534093972 849091213 398611798 957388443 122299709 986364791 967510385 623242326 342326819 219951549 315290985 854334832 423320094 620528764 37624612 913482871 481256416 917636673 559022240 978544748 296707021 908640191 509217341 499021565 138907122 18612633 510264639 681177430 55130389 183694705 75879609 164588970 27077806 506662872 67461101 235174070 702744260 360996911 293301147 635681706 843943893 65542346 985049279 546888706 652644184 209080325 892726864 630349620 114170044
480173441 748805650 399566217 959235838 273782529 645020067 224406072 821037932 918048520 122471266 2604851 925612857 302528578 302056442 96747681 24913759 230363130 434202773 888326918 125798836 999947718 359614346 987666214 376964072 224053917 222413284 592637994 453068730 413352551 335937398 738050017 699967341 731591514 578613082 195334944 332747576 593305117 111829848 885707868 141083339 826194180 591258574 271812643 119857690 107658880 406637627 499998721 78263366 884414670 401921105 702163256
338691982 885397165 63710696 487024650 389164335 917665012 251994442 991371928 582482212 124621260 886007361 930592294 72975573 672433814 65489879 350249668 691904576 455699761 171345021 678083182 626744814 248402488 430238484 234799352 285664558 385291938 318763090 248633770 533267892 606139904 931849501 813221705 8196241 245710481 81465130 651124174 51734867 586684366 874316944 813135599 870001238 972549757 630919082 477229044 589284609 387568062 853704829 806779732 121835756 232617102 600980164
994385762 382506438 9202643 394626632 835403757 588724277 802004111 525715625 231083277 851813414 689237064 983125266 736084309 675722201 573557719 66775500 788606274 838670724 143247566 745740344 212775104 750026536 880585227 13074707 701977419 779111051 23963614 440903187 57847018 726026691 175735243 982130388 73952558 488619954 654758890 340229004 397109634 614802095 264666489 897353804 957557107 338149443 383384378 456552902 484883949 129552792 745068753 141260292 367840175 395831284 99740507
735997603 874688758 155646762 572971390 455735072 604126180 1131964 272249283 170917573 566698708 725307317 748859182 692811596 522198925 796747143 108579539 495173091 9217973 271488511 1839182 145464085 575272483 534458436 90728916 802894098 639033819 859566928 974061833 101577957 689297237 785076971 56416535 340557818 655428599 660740243 477253084 968005257 552577909 509571515 549327938 638532184 605221310 257863085 262039138 507136865 780168101 67788941 431558910 547465317 458921235 718071826
847574153 618783534 520724837 147874552 381000474 513247811 420851601 639439399 336405014 853936359 198373550 259694994 641953195 993965401 732594169 83238573 683709146 844200539 395349276 697985603 564255501 310060124 506892577 871008775 929417618 584833067 917570343 425653927 117812469 682835889 171601204 2140686 59875135 454469825 587535245 407758025 795861231 882205377 365691090 657100755 212734489 909294274 894744984 132931133 541949156 123669137 813531782 954483264 133971789 758921106 499381405
892362095 113844815 142324864 244234641 346880388 707326463 744605946 742719361 702621734 965420842 723928620 672842001 86807187 308260061 882819526 660877925 86215297 932039616 104623176 92006852 874772105 739271293 677715179 734230749 883814908 738917864 710155246 147314189 232430854 653828504 725995327 471975203 357182310 770545480 937714053 915720764 155164286 478925747 686982123 85403853 845630792 308274744 692729004 106139839 82978770 440073755 33753085 123550645 375490097 180707263 732005766
98890348 110910431 334291508 273872918 146149354 171172118 894494885 143031109 559542443 540431003 288791399 475305844 568483272 138693659 309105623 609013468 158040970 499957466 792614766 511090867 616172022 682833585 606117232 272637829 805934791 465337445 82381728 995641164 391955617 530456648 1120849 849366347 938868522 512100197 640008432 159447849 581064791 26873063 828780074 972624647 705156954 312741888 865924520 659369035 997180580 943876495 565484887 179563096 421993671 500701035 678852378
322756691 64823792 385612510 304045692 509908253 303200775 320479769 530336735 266051974 125568534 518889369 732112152 436909434 275586774 999599490 569946569 89558067 389646224 772440410 614884212 715426287 816435154 365214487 324485191 893874230 279536262 92677083 606112294 242175531 980229656 287753575 307565619 916365974 566750110 969074543 288776123 684010755 834748421 626237818 133707080 924217979 941704776 276034592 421375114 906504266 518780608 509987092 28204214 224104723 200526272 235342564
620054343 234497052 682451923 773649930 83380182 824917357 595682064 919827265 64372528 694849297 401247805 377438627 410619899 585262736 831129653 807996355 247687398 217612846 295517956 34246694 556958170 416248192 82982828 214993913 698052173 726696519 360116128 191379138 288279007 451096239 534941217 533884103 513147273 212996770 553732324 24879117 232713479 703020926 400862761 293490266 535017356 336878452 55037188 45744479 633857427 408864047 460960867 672490728 260567385 192051734 665007480
51389338 158473732 584001720 291559053 656703035 750280889 403197548 315244249 51389941 196913019 269724110 130501722 801128355 801497614 56081727 871920203 961607542 186877139 372807261 923388657 638756774 857551884 733873631 469244117 887665456 749096206 988524650 783971445 345876399 131001261 622090085 607781825 951656835 505193398 941859163 924084293 792255132 233481684 721678013 620185374 807049492 348454788 767382430 52154193 980946781 325310535 477851952 305575041 937667454 223483633 196422341
740901236 415275967 354626296 137557131 866536832 953330354 856350242 795049830 717422440 583856290 668494642 421091943 798656134 816765664 255946220 99185874 204290959 160490939 660558599 491134395 9302204 878214523 987855819 657073305 8535531 168519963 841299388 279563095 738615657 408046034 76880822 751826392 76368525 57080899 619061305 101566160 598756724 791235386 938570859 28831865 726599758 462728034 725145909 449786189 74369087 927313546 210114090 880220597 743093824 348038293 292389932
966177889 681654477 36947214 716383106 564916993 99746140 873850905 550023925 796641169 695172872 254828124 996612569 627177686 776794618 79149158 994551044 682771996 247554209 63649738 815513478 273453798 916545772 252590577 40787334 238536986 222626164 426770724 555510053 958732200 697562236 58832984 730720603 888583701 754985372 273849269 722619745 404559392 986538196 671549281 38338476 329581754 907930738 278869355 714574712 498880742 895397996 978834931 11025954 428187274 270368286 278298385
351688092 111897087 566208403 812024115 608260982 775728631 941832911 873108205 627663413 171606833 205623708 788714046 1662113 899622606 999162090 820239033 420671079 363100258 124933640 869680381 468078462 196670906 572585300 147787398 860251803 832116364 528448248 950649498 976074912 549232455 855653143 46421053 205392398 172487874 410565541 245860959 467621420 757410338 985528439 596988511 636858858 807939270 297711720 953341231 453241687 737781830 14364701 66395057 318689686 798863158 445173990
673397964 252671066 396943735 990694312 744399557 958540928 864039431 154281687 737351583 641100643 388851662 655660817 646391312 948154370 141344541 525873683 907349468 499302945 882784558 593046826 515433888 508021663 256222691 332630608 964563236 238074569 871321472 224480946 447396746 151631802 300192457 471466100 738491793 429111984 394647306 235892303 499570089 371645693 44839061 803712046 284848697 855616288 885053579 586990716 157010977 145060805 584914333 100737514 620543082 106159618 385088322
720682324 214486281 118334935 563914282 470771252 443829119 439712194 230494874 955612233 653997036 129288326 805416059 114054599 348006562 715689549 637009876 449938913 260822716 417753992 955152144 424055081 788136109 166384820 531131475 880773582 884037016 366894203 947937868 334985323 801721695 847055678 582352567 780914258 270759553 725393101 303198381 459440707 973848042 835222750 799196796 594334064 859789829 391549142 184546452 721600475 605388146 769256523 245944211 360238029 882917147 738730009
791562251 341333244 808849089 245573097 18706276 560441512 665666404 294182037 297900851 129683633 24338207 390466212 630664389 733473273 807027189 101922194 311080481 317680230 23949077 64753003 287344264 473232154 722183936 152321580 171551330 975317043 697263456 158720324 931756231 802596024 407382449 857491234 478255805 143808930 219825102 349468093 157362439 54086218 965743273 604314086 94320599 979342575 930804730 307097393 793781747 795046235 230729098 322430202 205555280 158709413 896762609
863501877 981439093 224623524 823309290 455650100 598736652 410162312 964004782 274205423 556384793 951912875 327090841 637429690 285027536 974014232 751210685 655962228 691505425 908041187 922540702 636411872 665151959 71256394 650456586 505533254 157149424 24782388 783977900 753540709 879373197 466160743 863870409 825093028 538765280 167530506 640505775 948797256 588585127 365988963 73037968 792948531 863100562 288810180 414088619 221015524 980732248 688996966 636714658 832772003 764861939 384600204
764236287 337643009 308304703 747668149 984045891 460757779 779695491 581840074 817381326 957172000 887553978 839481932 60060731 258372305 553846412 590081292 752913923 451093171 436230862 21146161 970114068 214942217 774599252 84163221 543727772 716361317 378393066 515755420 51173831 274910307 232754153 77845536 159913814 834759983 833735833 198834419 534492352 463229746 489809529 718885763 812194582 863059031 317840370 438553112 290892445 76803969 662623271 968026036 829126356 546319848 625019974
477217024 824210480 149830097 283756740 683739575 233089188 597065524 632488160 258008204 531492731 602476066 62728739 728209916 455709278 666487792 440487921 997815071 684992126 52148368 461918723 604261272 9934407 852005863 914633944 12656563 292295319 750284471 794662327 403304988 909849762 357240833 718151556 651808212 912282095 571618262 748802783 69644735 266698615 407294761 373647725 298159297 912929277 114698946 329211434 627147850 193250178 188738061 778493391 788780679 996915764 795769380
62716600 394429142 735028437 481444004 314730343 756819714 773130103 943968619 210442244 324418587 617019584 372255956 26339108 79333930 504295451 454409653 11690875 312769922 503536691 135863845 526266875 23380212 746396294 640906134 123938008 392796947 683142077 395520235 533095399 328113379 289944398 187949481 198223459 637628765 380751543 194290695 467133227 922616810 867033933 828716015 989754693 469981316 106187331 513000437 181370096 362824346 871004178 637717031 358957489 424184501 664224732
563795216 934268291 123537665 472027339 962318821 166695731 93652471 858247636 220681900 425015784 793646927 881076103 318074574 370073454 871388962 542875735 248617696 839746504 335008386 719792944 736585093 278573244 548951061 581772563 330772363 747244593 904398961 715598864 376418368 751323425 789808196 37032113 460653903 106908384 894178010 576906181 995820620 851733211 251507423 206648044 197730598 651373894 169787660 855228288 93014940 999948860 973468930 47269036 850518924 710278261 188758342
612371148 447136764 628800867 417427510 405893068 903449271 234097488 517522336 872065459 942222693 162312782 581428998 898351518 928305169 539849994 413844104 933438852 361576831 278680987 265469674 731806042 651257485 135866946 388508425 57522562 630076249 347979262 673672092 876836489 940617689 10097436 998870831 600922004 537189295 51974974 623474799 32810702 627358205 354468968 878231689 85180287 564949280 783155564 759427227 563267803 411010634 703177979 828486558 766918778 210133050 455601721
579668680 237723422 517962199 428435533 171505410 910028721 139722412 71717111 912999019 383011 395514488 526389896 610923231 447713997 169803993 287268101 886873734 795892259 124989212 731597979 507561104 226830675 712761696 654135341 91952282 91387606 565622346 658525417 110779994 685520595 770074442 916001394 363834175 501825891 279431888 81613062 132829317 457389698 905040573 855333652 162207693 981021292 322943383 141291856 55748738 986840030 518311914 987214893 257883145 943673072 728825841
16680825 425410394 30705332 464464177 344248589 95805870 157435765 543089465 260600576 68236481 917046621 777300637 134885713 138317797 431815356 207893107 990525815 500929574 529150638 359052019 525990093 526796009 555891170 917495122 930862875 16718985 317374624 873141251 936597144 75655667 340873566 551501953 419684680 743803799 178208803 940898626 156702809 891760618 308213255 98724906 901968403 506137214 211180068 33354233 692326493 104642424 601507376 628986819 865316695 780338144 419621064
547699824 42114889 88747971 868232079 744281282 13206936 389577477 822364811 326659156 409507753 463216447 329174094 890047887 983302910 598448298 841815724 78894258 806195395 139230047 999900800 356886173 735918474 680342256 376361823 547023117 140978284 686558723 418173071 845838321 396559906 978558827 296788253 988242636 888568464 358081726 83270414 66934027 466755104 527867644 84700077 197844265 390972809 998505514 631334140 819002840 500850068 401613109 112479333 897653396 699216575 967387395
105152544 719331872 31249784 298131560 22773752 412478636 577885099 905853213 153916565 749446316 474860604 560833284 27103194 217456915 816486153 843213774 280793190 445552781 263909996 459831731 22918557 678949935 290221441 233572599 165205087 556336787 493314266 92696415 268036427 378590015 135769890 816934794 61932405 488840868 115679395 237474062 945406947 447866085 831623734 108439820 813312489 68140710 993343466 956052142 122261555 787519319 819031017 377762728 177580653 269114944 220849965
773629728 323987004 222201370 128290650 588035279 288863417 134051241 50409099 664799114 403288080 24599739 799071888 736217796 925117516 102010134 660881694 38569643 145722855 733917263 761390941 496880638 374335062 216748012 131531470 801692679 360931471 765147232 208444154 841770761 486226393 918812956 432034433 537958250 18556638 702444743 590477682 9174680 388007005 311223483 87306773 924285172 727231126 921419027 745181278 415197159 867383011 841433787 876186177 85768360 763972249 638563743
631753478 581444437 248324947 118581390 536394587 579186836 341167096 12293401 938891471 367817537 435489806 257179661 708621126 443103431 663939703 255200859 950097046 449418812 558812605 497923588 380142434 736232931 778748954 131366833 43302279 777307053 572822294 602481486 579585781 291493727 512186991 952060230 24417286 194157915 740098597 387062533 176341385 817318589 742516608 653622253 351157851 665090407 8996168 80333758 918189626 124831143 995931373 1171013 127067711 6212584 230569583
727159186 976342445 426024218 244652401 891684369 785896237 374172495 230337822 957391684 458698118 730019641 387357586 510947017 537743274 497323083 580980713 146854452 940481497 330977811 641968244 561079260 613910904 571232767 72193009 817992757 921856491 113922544 262704862 778694511 82717022 445743939 430064603 194796849 994407679 989424841 992071541 542398552 238605304 29634158 856295532 754953599 224735667 388474058 111405619 76501209 677525534 898860298 781490911 572910304 5543915 649107504
721997227 37671332 850416413 734611833 662055794 861736767 973475240 215479541 564982631 933197823 518499596 120506396 775638086 2391121 565223495 507158233 861762589 538080334 787431292 199040038 556902458 476598863 270769896 725440715 712790942 331478 531259763 664630810 89161850 211671690 583496587 465675966 859228821 18267121 963546748 616406640 749499706 481612303 478503163 24953061 611043855 30055465 499112519 746176709 937323810 737344569 981851218 699866798 289438290 250390796 491897792
172043140 265424777 227107823 465745419 526110108 572397410 203286288 803255134 723563197 626532240 728512165 800697364 505356008 761326574 911499338 817902536 154158748 801252892 367854690 604245016 792351720 141930474 586277241 989932290 765392057 711456283 30838782 300888252 887514225 380932074 216900611 530695066 60683847 256348530 1987352 717893861 857335073 303364149 351674461 361191425 808148537 172617891 616475256 328350423 208294238 713420835 127606234 959031706 195966907 427825229 490024376
60805586 546299232 763208355 480447217 966324174 180532156 860527694 67148949 354760962 208377014 824699054 228279246 584051263 730537382 309735856 216808732 212270440 613899253 633363225 691568269 155049959 433858994 119729324 524218772 365624810 931578014 800771780 102829352 672913784 452675893 949207941 662140360 186295293 17439938 660700402 526127822 532238790 526897562 241116327 432697736 32373770 457984174 177640004 171038673 513954950 207158438 633402666 412798576 293213611 842560193 769756909
366475409 345215340 86376217 612443955 81595268 986540612 770841240 359168136 786476069 377732565 91545007 362015916 888015347 119114990 224026929 22162928 973982986 462848445 342897051 422906223 847079146 808106021 634795646 848237729 100460826 581923892 252910909 899886785 449103476 252132857 365381841 703461758 73616415 260380888 233375974 279569375 124804308 368292548 813766561 242603029 307777634 890012404 552002836 773333376 324219113 89436709 75341704 394047966 886197438 980781238 763419308
333872164 541801031 781813993 905496954 739771152 144523954 509290413 735304295 660936518 612856263 260959214 697398825 726856921 836748451 441958854 904365141 22010373 741707865 807272421 662234247 910829993 344239419 130168550 934570761 441000259 979972486 676760691 24505745 909939514 59695281 449100544 321430926 821476754 17334891 98443859 81848305 914147135 312552480 245318170 507239422 319361624 888403515 338326446 533514346 612869160 876966617 12914494 913286276 266817072 508220924 66782411
974878876 976253788 463615159 700303075 902168070 715597494 585816852 692919671 492650731 652818444 507118015 108974518 254592727 237266872 516233225 851399734 702234071 502502754 32740434 935230425 426550078 715844596 109421200 849293025 218682837 967934979 993662599 985631894 946907618 461380520 985552739 217426825 374733162 658579690 584880983 925402805 114059593 899541915 578680935 947878088 35279595 917917978 137888843 378340074 453013762 770418425 653212096 1118649 568819834 135768881 888199386
247129357 308545918 935713827 749825028 272067304 325178035 440573138 411556438 356494987 6964108 608895679 580383781 53638049 310624776 232495892 862516564 762022584 390080822 489986513 786479691 532129994 424684555 441461593 675548722 186005914 904540883 773224492 522737401 979018721 263479140 545800003 790522296 149755486 955289174 513545703 375212797 789489235 945658139 406739639 269654525 632351295 294391049 710571294 763535173 993015733 852179227 28469453 729844810 794091497 297022015 711135155
131055472 495712936 613466432 673217954 175311439 747746652 98075176 108181905 35098817 444669779 769472846 298982026 811792138 335688298 446908149 937437115 205739898 672597603 223266601 649995641 540434369 310830206 655626113 498426909 913326086 368306218 147121296 877571663 531396371 618344343 900669169 10074681 477481434 249025321 371747298 484230381 344817373 416033905 842014176 38613716 836168296 520350457 894735627 812732504 936585262 275253410 922547860 24400483 397549223 1529543 692394660
540457147 691015720 438860035 392007877 649341226 607600950 526282835 491797330 988103700 882676514 984881717 6892281 452774271 586925101 16508525 520419813 185887448 842754503 795418089 330824951 271819776 992004196 723386640 626503600 511581430 343450974 611649685 459968178 545683003 144237831 451736083 18565093 369918720 572679622 105000887 127826636 517217211 957718619 349643436 660566367 164850699 996177373 929161670 794097330 518250051 537376663 194312225 787085068 127903064 455278513 168143152
204073170 490906028 690753853 640559709 637696222 18112092 354739946 255227046 954955218 215943914 224557439 228283221 898670 480844323 862313672 318104223 793744152 76776705 913277533 688696016 587538586 710557782 625355971 872943205 708123150 514516069 360539964 686418309 337593374 883788555 155987443 125189178 890075932 72460664 719485700 40001360 75447690 619735872 271348595 336857288 602471362 200692194 768119845 890180871 704637534 681329085 471152718 539587334 222722220 175250518 419436418
634270561 382766968 337870783 769341272 405439765 457051636 902379812 363256357 366829485 865125074 423185880 870965000 191730112 288192505 105128074 714122652 843590959 208981887 576338168 8827803 405894127 944010556 359336696 539555306 666831320 14859676 987599832 786871091 635528287 384641909 681484601 548884816 496785453 15355604 904500137 883408997 298523701 579622739 943278267 836404839 945290328 512898833 129135845 979425911 550543843 240488143 476432520 823777641 12123805 561273489 344446266
570983040 845393947 698999811 261029316 162699993 300945534 43111805 671499697 421958935 467879973 163210566 743503213 224061637 801379200 790969357 581353887 502920470 756381211 286853822 395486855 300529342 396178419 998040703 863504225 718823689 158689842 526240336 718791787 44127460 666350813 762019790 973920991 233983963 667562752 702874304 92053096 250568771 605436499 891873379 709522260 49372152 907310536 349435858 267287005 24331528 304243259 176046725 131881310 235843130 532713976 755760856
842621919 979489343 256737298 857228782 957626698 399959476 666411061 373774315 879334739 135082207 406889745 659145319 989490508 629994151 412184592 241999629 4914743 95892033 675540270 114957501 844210857 646835753 926672319 525771391 53278931 88332583 981816923 150436385 326328863 622841006 591231149 514311703 531757083 181891702 12277094 225409341 780812173 195199387 219599566 793014824 556302362 813143882 194308643 175776327 340827113 751762162 140865204 943131075 665868395 71127877 244715602
833693732 917877139 825615256 950521380 932215498 165065527 87051553 260534719 240619472 935791525 501018306 556337983 215032968 765207138 716379715 400473404 867805385 649678788 619397252 366080687 976491951 603688718 641064183 512680903 483257635 195498476 924361992 175589079 492939988 825177231 768796106 50448907 956545769 672700747 331593914 353198307 971750377 276312183 732541390 495767353 236957812 953535911 757945186 624872819 16202505 163811350 19991685 415236858 121466255 84388649 542514026
287269863 65839206 575416807 559020654 74241079 158257047 705207318 367557702 294739426 540563490 437883019 322760381 423919166 238152992 805749874 450667736 648542108 620199120 430385885 779501094 834854530 633318356 979178124 368914601 370125435 505952701 528782868 573667756 747775431 206022872 550321622 214663174 92369905 497227229 953974279 219308524 249847801 993649513 608000868 513904082 848820947 712093312 872099333 290950651 79605364 258389407 312750591 855472210 794055497 687705128 36170861
941675088 409620954 117624181 819441173 129715909 112489481 456978879 295028032 313516262 572113726 569852438 989290968 116700535 802693142 784659446 40203105 211747655 200460232 272851568 183755373 278083033 922087268 755660239 965043603 96340564 889915649 798812712 691438918 686205354 815586357 625819618 779392333 581259917 925011299 712524164 449659536 251537198 556756592 812421370 538057850 338311243 217135776 65981298 911479983 636443619 109572092 509789211 358334005 930433523 882186388 176050283
503705464 221842492 387513369 403010992 21059749 214029754 299263671 213628270 593157925 959370671 94780134 16395821 231725696 916301955 284322299 29376544 751996661 362746089 966148434 886763017 628662221 59871960 983441431 930477625 76924690 178575703 999667114 84331467 416257307 657186634 314838725 744684458 884707074 573379195 36791460 720579724 284863782 717801254 348315213 817554854 261820965 337837455 808596366 882147767 61723825 444749738 228437804 832402146 891662651 272433561 773451592
128818345 655529179 241585041 382094906 898832523 567878333 605529294 916628517 93778949 631434310 462179991 954199568 159745215 293592594 618303911 651350077 331334378 428122856 139315661 822930712 805866603 369733163 679106444 922677315 296970679 114888735 339897555 718071272 97592031 14270152 70380349 901954930 965479292 753410767 911812527 552701315 161784026 869849765 439250963 682294977 187395400 928282083 966531154 818872852 852160912 48858287 319937303 874591632 682588022 664163405 505368720
