100 100
0 0 0 0 0 0 0 0 0 0 0 0 0 0 0 0 0 0 0 0 0 1 1 0 1 0 0 1 0 0 1 0 0 0 0 0 0 0 1 0 0 0 1 0 0 0 1 0 1 0 1 1 0 0 0 0 1 0 1 0 0 0 0 0 0 0 0 0 0 0 0 1 0 0 1 0 0 0 0 0 0 1 0 0 0 1 0 0 1 0 0 1 0 1 0 0 0 0 0 0
31 64
88 83
88 22
57 65
93 37
78 42
44 5
79 89
12 48
84 58
25 97
71 36
69 41
21 16
32 45
15 22
65 53
16 61
43 37
89 5
70 42
77 96
29 50
33 32
30 80
78 36
57 78
38 22
34 5
62 1
8 40
93 67
5 23
30 36
37 48
94 55
75 40
49 5
35 10
52 78
57 11
27 33
86 18
95 42
61 69
58 54
28 9
38 35
14 93
42 94
75 68
91 33
16 1
42 96
38 72
25 59
28 50
38 20
48 16
49 36
56 32
65 4
7 5
88 81
7 76
98 24
3 46
6 32
57 17
38 31
32 92
78 60
2 86
87 42
75 94
51 29
24 13
85 38
38 87
90 16
2 6
66 51
73 38
63 99
43 82
100 6
42 32
31 59
39 78
3 38
19 38
74 42
37 38
51 37
77 26
97 47
98 89
63 38
54 70
37 17
48 79
76 47
79 68
7 96
34 94
97 35
40 97
4 77
87 77
11 17
43 68
33 86
52 76
20 44
19 91
36 56
13 21
42 91
79 74
45 99
24 1
96 58
99 30
46 85
2 53
44 66
92 97
51 34
40 6
47 12
63 47
45 40
10 93
79 37
33 21
54 35
62 54
15 22
68 9
67 41
52 15
53 12
48 75
96 23
83 93
50 9
46 4
66 45
42 85
15 12
95 22
7 9
10 44
33 16
52 65
7 67
98 87
5 44
55 18
48 37
13 26
31 51
88 87
26 40
57 91
70 52
88 24
75 100
38 63
42 74
80 62
47 59
99 15
80 77
46 35
3 97
42 100
88 6
13 43
97 48
83 10
17 50
60 63
94 100
41 16
22 38
79 81
70 99
66 57
50 35
56 1
66 2
79 15
28 74
78 92
8 5
81 59
3 5
36 36
