100 100
51630 310733 775687 103655 784145 36185 284846 366148 841555 932586 636847 436852 400402 820527 556620 343511 243541 415192 739692 638097 390913 587610 172183 591240 443173 273583 448381 448168 950896 717011 792111 588319 135093 382856 127332 432289 801390 291155 640118 392549 295798 331708 318883 301029 334094 544786 728012 616098 781977 708005 912121 616479 450975 282186 685202 106785 611150 694043 331176 583029 231028 329524 99050 384874 41031 221943 416560 936082 736989 219785 716852 329222 415860 405715 506196 772575 123947 905026 397586 798462 551367 989383 180500 12804 768111 998743 294628 650330 764145 865772 654512 502507 301435 368322 894795 413797 138978 973915 268843 307964
14
17 3 30 15 49 19 12 90 7 96 57 64 88 66
8
84 45 67 14 43 1 40 56
12
52 3 80 31 8 81 27 25 62 9 23 18
7
73 60 99 20 82 29 18
9
52 76 87 55 17 12 73 29 44
8
75 53 77 79 73 16 36 63
14
66 14 3 65 100 38 88 44 2 23 60 54 33 48
8
61 53 83 65 38 75 11 97
11
71 75 74 62 16 68 20 10 84 9 4
8
34 54 94 48 39 75 46 83
11
1 72 2 18 80 73 66 98 59 69 37
9
81 51 9 14 85 56 54 13 73
6
5 10 24 21 91 61
10
80 43 17 58 28 13 14 33 55 60
12
53 35 33 99 70 13 22 43 30 95 97 96
16
74 98 40 94 85 69 28 48 19 83 64 55 24 15 81 21
10
59 80 19 15 99 66 45 60 1 8
7
18 38 53 65 55 74 48
6
51 58 84 31 98 26
6
86 8 67 51 100 7
7
47 65 41 10 42 7 87
8
74 91 77 52 67 99 94 48
12
10 18 56 27 37 90 20 59 76 49 75 60
11
66 81 65 51 41 39 100 26 57 35 91
9
62 8 29 32 59 58 91 27 6
13
22 7 92 46 40 63 4 64 51 20 9 97 57
8
91 60 53 72 70 17 63 31
6
24 76 69 45 27 66
10
29 47 61 88 87 99 24 15 63 82
8
21 11 76 66 31 32 1 28
11
31 45 67 66 40 6 4 52 77 75 79
10
11 57 41 99 65 82 22 77 87 6
7
78 98 36 79 12 53 68
11
17 77 52 57 66 91 35 16 90 23 28
7
20 62 8 53 75 60 65
14
4 44 18 26 32 78 96 56 93 69 28 97 58 31
7
22 25 79 30 74 20 33
9
64 75 86 38 88 74 21 83 7
12
39 94 34 23 45 75 79 32 41 92 96 31
11
36 71 98 35 77 97 100 62 51 49 52
10
78 29 86 22 87 48 49 81 18 82
9
55 23 78 21 19 88 73 59 35
17
58 66 36 11 18 27 13 62 79 4 81 53 21 97 59 61 49
8
95 70 78 80 66 9 82 48
13
51 37 75 25 39 57 89 38 7 2 26 20 11
6
93 47 66 16 60 7
11
98 41 78 11 50 1 43 12 14 62 29
13
86 32 11 75 30 5 58 76 61 3 91 72 82
9
27 85 12 32 66 38 100 72 57
8
76 71 98 68 27 7 92 23
10
11 68 84 81 15 66 45 86 22 48
9
99 82 25 98 15 86 34 94 78
8
20 14 10 22 98 38 94 88
14
45 78 24 55 18 83 46 66 2 11 38 26 21 82
14
23 7 24 55 53 100 76 68 56 3 91 30 50 64
6
10 83 33 79 25 23
10
76 75 32 29 37 57 56 13 78 50
13
32 33 79 1 92 17 47 59 70 72 14 98 82
11
91 45 84 3 93 11 63 94 4 73 5
6
100 12 57 88 4 83
9
32 93 64 98 82 8 36 92 26
6
91 25 7 57 71 55
12
20 11 86 31 81 62 29 43 89 84 34 77
5
44 61 68 51 13
10
75 17 79 29 15 14 58 68 52 59
10
26 96 33 38 18 24 69 94 82 89
7
96 33 7 51 87 10 88
9
73 88 50 36 64 41 19 63 52
15
7 42 12 27 55 61 99 70 92 6 86 83 57 4 75
11
18 32 52 72 10 28 11 55 41 88 45
10
64 32 44 3 72 69 10 70 54 35
10
27 48 37 97 4 57 32 91 44 58
8
21 35 12 67 55 71 100 15
9
87 3 17 33 7 12 20 84 100
12
49 93 11 64 77 85 72 70 39 9 50 61
11
51 69 57 67 33 18 36 25 82 91 12
10
59 9 82 3 47 65 100 40 16 75
10
70 6 21 60 48 68 31 44 98 30
10
86 13 74 95 82 77 43 91 99 79
14
45 89 9 16 99 22 58 56 72 82 98 77 75 84
8
62 88 87 42 64 56 59 21
15
54 53 67 71 60 68 21 79 41 82 39 88 55 27 13
8
20 34 76 58 22 44 66 94
11
2 39 68 12 13 87 95 5 55 49 14
15
12 100 34 13 99 23 43 73 85 64 48 27 68 59 10
9
86 67 97 99 35 21 6 40 9
9
92 73 67 63 15 75 88 48 30
10
55 21 22 62 49 60 31 87 23 14
14
99 46 11 77 44 88 63 86 32 82 92 10 64 79
9
46 77 52 75 31 36 90 88 50
15
81 88 98 8 27 65 80 51 42 75 12 79 50 70 71
12
52 39 12 1 4 35 59 38 21 57 11 53
10
22 89 21 50 68 1 40 65 64 98
16
93 61 43 57 55 2 8 90 84 73 39 28 92 35 54 88
9
72 86 59 49 47 9 69 36 87
11
85 53 62 18 44 61 35 19 89 26 93
8
15 28 42 52 11 100 98 19
9
79 58 5 6 54 73 100 82 32
8
77 7 68 69 43 79 74 45
8
97 60 35 63 27 94 86 49
