100
-4 5
3 6
-1 0
-8 4
1 -9
9 -6
-3 8
4 5
12 -10
10 3
5 -14
12 -3
-3 10
-3 -4
-10 -19
-13 11
-6 8
-14 11
7 -9
-13 15
2 -9
3 -23
-12 15
23 -3
11 -26
-7 23
25 -1
22 -1
-9 -4
10 -34
21 25
-33 -10
-35 31
-5 -37
-15 28
-16 11
-7 14
-14 -16
34 14
5 -16
9 -40
37 2
38 17
32 -35
-26 -12
-32 -14
27 -5
3 -11
40 4
-20 19
14 -39
-36 25
21 -13
-48 -58
-1 -29
29 20
-61 26
-49 -28
-19 -56
57 -51
3 -50
-28 -17
57 64
0 0
7 3
28 29
-64 20
62 26
44 -15
-51 -35
-41 -40
3 -48
-25 11
-21 18
-32 22
55 37
-10 19
65 -37
-46 38
-59 -20
-58 -79
-43 10
-86 25
-85 -79
-59 -66
-30 -22
-62 58
-69 -57
59 52
-3 -78
-6 -85
82 18
70 -96
-42 -42
96 -12
26 -99
94 -53
-28 -18
80 94
10 -91
