100
663307073
993786079
572589546
762227828
392826688
613084013
628984381
785866095
177905368
832364259
885164572
357329820
411999902
681690682
847840320
386381016
989696303
330318834
420425052
748526814
220059095
817693389
704672739
927530478
979580407
391779414
117347524
456863895
880938198
682038125
428142800
966503495
70161655
542661640
750769230
717390689
373771611
953838288
433348815
433114786
860724917
791932302
859063396
333772685
712694937
19140171
893897082
379213018
638293140
127278512
494923774
264549124
183843307
854398124
914662962
336862767
729352677
741463146
989747990
982581137
649175882
490869221
647911422
284387166
863278761
215802236
588150191
72263116
685423362
564190579
664295306
619868736
830544982
47116225
77564723
437517579
701070480
968396048
665446719
57801759
725418770
18404492
681823792
211333607
211550817
112302971
305936785
211070558
485683712
804352169
984117471
857102413
610613670
337458711
13384724
854062217
655834254
358191652
464037621
614297261
