1000 1000
404 278 353 968 330 901 170 976 88 79 822 176 731 195 583 904 542 298 288 20 886 259 631 70 396 170 226 329 263 109 271 399 623 246 458 117 851 332 11 818 572 729 541 371 688 957 641 834 968 154 793 946 9 342 181 653 951 684 681 654 110 259 469 111 487 37 460 77 937 569 901 191 357 26 109 626 761 559 171 664 542 337 995 532 187 199 452 351 239 581 890 55 106 448 740 803 397 972 199 344 397 518 1 215 268 275 7 436 64 527 887 704 795 847 807 209 489 32 716 341 373 437 820 34 540 580 397 57 928 394 451 742 62 315 478 858 944 490 97 153 149 327 901 501 932 4 59 577 996 880 526 214 63 764 263 201 627 560 39 587 248 607 568 936 988 830 764 177 946 897 597 378 798 831 603 604 531 777 138 84 581 47 777 586 839 915 363 227 263 675 946 224 757 787 415 573 176 361 51 907 768 960 618 526 349 381 347 983 303 709 417 267 667 829 661 474 461 792 577 809 264 253 486 368 288 999 647 797 720 83 580 968 228 37 72 221 817 227 820 405 576 600 522 12 959 35 986 108 983 637 824 161 351 743 796 236 807 434 928 776 438 884 262 80 741 314 888 95 914 808 454 206 606 579 595 769 319 592 448 898 815 826 48 53 883 528 762 851 284 836 515 215 650 197 385 308 148 838 33 60 497 533 513 370 490 628 623 706 61 572 848 628 716 653 178 932 556 879 339 45 751 421 343 217 818 949 142 258 935 593 835 381 324 560 102 98 67 581 683 309 96 551 1 872 966 184 836 751 706 911 156 498 990 686 788 766 416 516 395 269 592 675 910 97 893 867 988 149 321 950 185 724 832 338 459 208 550 970 688 196 230 77 254 978 963 582 938 583 339 194 338 826 542 45 723 152 92 229 979 955 484 749 159 798 30 452 423 427 282 595 373 61 399 371 898 350 549 749 769 994 35 199 522 226 994 134 224 563 935 134 324 252 285 452 280 188 617 37 316 945 788 4 908 361 269 392 351 965 604 483 754 105 944 532 996 366 242 854 80 177 264 79 917 1 979 202 913 804 265 93 386 842 828 332 164 553 224 972 454 680 889 361 44 60 907 40 38 893 952 45 232 850 374 855 752 49 726 999 212 112 918 213 905 551 264 995 820 171 745 119 877 557 835 517 479 193 435 59 578 616 851 628 545 382 633 686 693 676 831 252 207 943 497 796 170 847 90 833 711 993 695 186 486 798 146 970 516 362 160 726 663 557 28 714 804 77 938 284 858 851 868 511 525 569 9 26 555 442 201 263 10 570 682 636 184 194 614 677 514 494 571 744 318 14 73 23 736 944 864 434 321 524 175 522 267 735 710 279 214 89 69 339 903 823 418 773 260 9 368 616 945 309 514 89 685 498 644 132 262 990 483 559 337 265 855 357 275 976 760 140 803 515 286 32 389 206 56 894 112 804 646 153 513 799 975 465 22 610 580 511 628 167 971 203 786 793 149 302 387 652 992 152 800 1000 997 283 860 657 987 54 486 138 954 915 50 613 713 481 128 44 458 266 444 116 280 630 652 245 183 911 302 155 940 387 135 464 337 149 916 623 587 596 525 859 740 899 533 782 329 111 124 298 652 804 485 380 259 761 656 979 319 487 449 318 319 725 687 347 978 423 670 361 728 883 989 967 394 259 57 642 542 445 552 683 60 422 895 783 27 794 309 885 852 190 598 899 734 399 64 994 409 936 385 397 235 312 471 6 950 417 734 42 944 43 62 392 777 846 35 101 424 28 843 346 199 381 627 477 194 848 411 308 949 673 813 717 939 485 474 857 47 984 125 972 799 823 470 815 203 854 672 374 995 532 651 787 31 578 739 729 228 528 87 409 22 456 451 616 656 801 550 7 581 181 693 338 771 539 470 90 531 942 918 355 243 179 484 390 540 263 91 8 939 216 884 266 708 455 625 263 578 972 659 809 513 161 646 867 373 390 208 992 936 316 853 347 456 426 205 901 222 764 157 699 352 14 122 669 967 253 537 840 866 870 978 645 194 165 392 416 612 392 147 881 130 162 974 406 706 832 505 64 269 999 135 161 897 572 721 724 136 922 762 197 423 472 242 573 272 880 795 888 976 418 783 630 513 799 351 757 185 326 293 813 210 978 420 803 952 441 2 311 814 591 725 485 273 785 435 592 507 555 976 842 953 771 780 630 398 811 58 407 14 90 331 774 772 924 961 399 468 766 724 732 889 595 688 841 985 609 813 198 844 228 62 249 920 875 555 857
934 952 519 828
150 704 794 850
43 517 440 599
341 593 312 917
10 222 301 671
641 781 17 320
245 937 93 346
116 850 779 831
257 319 748 820
297 503 490 577
111 365 15 714
284 644 617 620
480 527 73 540
135 168 6 556
885 964 342 631
53 368 449 884
107 371 543 979
460 724 412 531
857 901 289 768
70 168 650 768
258 602 94 715
702 941 781 828
405 853 72 863
734 852 526 654
444 725 246 563
253 326 302 969
40 732 275 506
761 944 265 938
491 650 228 831
211 995 576 891
522 811 234 499
315 343 350 402
668 988 120 797
326 525 626 786
268 482 119 127
159 688 104 913
474 768 138 150
476 687 142 700
465 637 528 783
856 911 439 737
688 844 381 519
89 950 727 830
613 704 559 963
256 539 497 523
530 635 369 649
99 979 304 797
237 302 194 580
143 915 237 832
9 331 606 811
314 365 125 774
212 389 178 354
820 911 205 789
251 272 35 773
239 478 377 557
195 378 871 979
62 570 170 460
281 960 338 856
753 908 254 480
272 577 9 569
410 638 17 589
46 760 275 817
697 920 381 981
309 606 47 939
19 936 21 303
231 564 646 953
181 466 406 463
313 356 314 739
421 963 400 407
955 979 810 953
583 953 65 179
477 617 164 395
393 417 255 703
507 973 363 422
431 519 185 375
310 800 451 976
174 480 309 846
271 770 498 877
259 458 529 760
299 578 143 609
9 348 218 355
71 547 513 535
237 899 796 955
435 784 56 887
260 723 229 911
331 415 251 620
436 746 433 722
741 748 163 947
420 689 350 890
642 847 313 337
113 567 393 955
284 545 387 531
199 496 539 734
202 950 559 718
467 497 247 347
604 957 952 976
130 304 404 588
488 813 213 868
314 938 910 967
170 929 313 466
378 615 371 728
401 752 828 914
382 992 565 896
21 944 729 774
383 973 97 307
527 974 121 461
372 680 28 414
153 854 439 844
796 980 38 972
225 558 31 829
479 542 473 715
60 386 181 493
485 836 59 410
169 983 743 886
948 989 159 358
422 680 520 754
350 679 257 700
24 842 506 982
250 373 518 698
346 755 22 60
315 865 469 685
274 448 493 501
6 180 418 608
438 788 394 489
23 998 415 526
407 513 65 389
401 943 205 277
646 656 590 664
309 309 413 663
695 936 614 622
157 386 403 850
259 888 398 771
21 934 590 874
75 960 836 854
98 417 380 722
808 933 75 331
160 293 347 407
867 966 362 815
69 366 453 872
823 904 295 829
271 972 303 682
141 959 73 737
13 151 285 675
207 761 280 444
219 323 216 373
3 388 234 938
838 859 501 956
182 203 652 719
175 187 16 846
316 716 556 771
114 695 559 999
597 627 446 976
332 637 23 229
529 865 22 164
784 820 540 901
185 238 179 189
264 364 211 644
361 880 583 801
883 984 651 670
501 623 223 573
717 765 382 825
939 957 538 547
645 927 386 540
520 905 10 710
621 806 264 574
282 429 927 935
480 856 497 903
476 809 261 689
654 810 79 329
108 673 26 596
7 433 461 682
498 702 531 994
457 550 285 299
785 936 358 433
312 899 511 965
80 746 31 454
652 997 163 585
180 569 432 618
549 773 495 742
329 498 29 41
451 764 467 964
197 859 366 536
47 619 168 356
83 905 264 417
132 315 501 969
614 660 371 744
255 919 316 371
385 570 313 388
445 958 382 612
109 646 337 688
61 937 524 628
864 938 596 781
314 880 249 618
79 819 267 741
151 873 110 944
514 910 381 970
768 980 205 413
588 926 150 683
219 723 166 916
121 747 524 570
66 839 39 863
544 600 801 841
517 970 366 972
168 704 483 571
521 897 647 688
336 982 533 831
159 643 14 705
453 791 182 729
729 748 374 686
715 824 587 598
471 779 572 686
104 462 375 474
555 609 68 612
697 966 276 329
272 987 476 605
37 643 8 396
542 728 199 329
906 935 151 676
63 618 48 878
381 955 831 915
792 842 273 765
133 551 275 295
215 579 30 770
1 766 225 606
347 639 407 793
478 511 27 759
73 596 151 504
271 471 44 97
190 615 55 225
363 963 113 883
305 506 178 305
85 231 724 842
109 166 17 427
563 857 243 651
166 247 569 980
411 966 263 383
616 845 6 679
595 904 485 748
743 899 434 713
40 717 514 647
262 754 917 984
273 440 25 373
422 980 406 648
379 997 171 849
102 530 631 794
252 577 431 822
514 652 106 477
522 968 820 821
524 759 341 525
485 508 155 408
137 323 302 583
269 879 249 597
387 606 431 657
776 837 193 522
100 593 356 939
900 953 850 995
123 247 480 588
519 864 200 749
29 669 651 973
177 228 293 975
692 802 188 376
115 157 327 824
179 222 32 909
117 647 284 785
54 671 766 948
195 758 778 864
16 940 122 245
857 881 79 936
405 850 1 404
358 651 121 845
95 866 125 938
533 666 18 913
640 885 365 528
275 316 68 401
666 768 164 918
346 553 343 752
574 799 687 875
254 735 61 927
200 215 131 970
380 674 417 723
499 558 247 957
260 862 322 449
386 540 881 898
129 312 723 1000
367 888 238 310
774 784 191 342
227 901 130 429
448 619 220 758
152 634 507 669
179 582 740 954
381 801 379 845
518 893 358 789
590 921 83 678
4 712 448 955
186 437 379 915
314 545 19 819
396 619 72 368
278 879 90 125
381 413 66 879
471 548 395 837
153 817 32 196
543 814 395 401
291 637 357 380
422 979 224 348
673 864 39 358
397 969 481 930
60 903 854 897
8 198 937 984
656 666 338 736
118 766 687 764
24 320 138 463
226 680 503 553
684 714 817 853
607 667 534 910
323 398 401 689
241 252 399 785
366 416 14 864
244 843 213 641
267 321 308 651
318 658 423 673
581 724 6 982
411 544 52 829
304 962 97 143
635 936 313 897
236 403 691 964
326 609 4 874
332 784 121 366
329 370 320 365
299 398 470 688
76 821 180 407
438 811 504 980
18 433 70 907
252 689 121 482
198 349 550 972
772 861 40 941
495 739 427 515
790 854 227 282
305 995 341 541
66 809 535 541
165 284 686 878
18 509 930 978
1 619 197 677
149 909 111 544
36 705 77 558
135 854 249 295
454 596 493 599
173 861 132 372
94 557 82 203
305 341 291 318
155 725 15 976
267 908 28 762
145 477 403 851
564 869 371 541
159 327 194 801
320 590 367 706
381 708 200 816
189 355 822 845
460 941 509 988
415 562 276 997
253 542 130 515
403 895 24 964
792 949 249 382
772 938 545 853
684 687 255 491
805 987 705 985
703 753 129 750
536 976 384 977
300 864 121 895
256 873 705 868
576 889 156 883
316 600 522 575
584 619 311 800
126 462 174 239
707 999 522 816
310 645 437 512
258 895 254 346
101 189 13 533
417 721 137 755
721 956 115 851
750 777 89 672
190 615 20 817
434 663 311 889
1 433 460 594
56 612 704 828
376 866 252 912
719 985 60 522
255 308 507 870
270 921 579 844
190 243 227 813
407 870 676 832
346 645 503 811
190 413 39 173
336 677 462 916
471 794 158 637
18 27 678 922
329 699 275 799
790 981 13 355
321 372 562 842
431 976 396 624
633 917 324 598
559 965 164 401
282 805 176 854
163 914 901 904
431 671 158 420
117 947 713 741
216 914 438 451
395 617 774 780
204 969 546 857
305 535 608 933
74 688 880 940
440 815 414 791
370 450 435 515
145 355 103 912
295 396 327 555
187 555 684 889
66 119 57 296
383 898 647 697
155 911 78 377
92 843 51 775
300 362 578 964
381 861 732 969
811 949 87 176
363 553 54 614
369 409 1 916
74 212 24 176
203 371 24 896
244 696 152 340
685 872 163 848
300 473 38 994
438 772 344 706
267 380 588 628
341 866 409 842
222 226 627 794
432 646 348 552
51 937 194 615
82 766 669 847
476 761 310 393
369 536 640 696
90 196 573 899
74 487 181 610
665 950 424 510
96 819 716 937
140 830 462 990
426 854 449 562
95 299 529 954
667 929 113 314
41 592 281 827
773 994 97 926
482 903 330 618
393 675 659 727
32 532 96 99
287 565 237 464
664 803 104 714
356 776 6 13
189 236 421 873
129 689 374 806
708 884 278 304
528 938 37 791
33 745 153 405
228 394 779 841
375 385 122 573
667 796 265 294
322 700 35 864
218 791 101 761
64 412 269 447
266 570 99 335
644 753 641 709
41 730 413 458
673 785 88 471
563 812 494 761
38 665 20 770
204 776 303 596
256 652 304 984
329 474 34 468
355 681 265 417
47 566 731 885
536 585 189 632
187 250 335 637
537 587 529 899
116 353 565 784
514 919 425 654
119 327 252 481
128 552 163 984
520 827 620 728
815 925 44 532
8 566 61 697
668 963 439 720
341 501 488 596
530 753 328 972
161 293 457 775
78 987 834 910
912 942 247 574
165 166 363 627
486 527 206 918
280 837 367 376
120 931 147 252
11 653 192 764
544 906 163 885
811 938 639 747
429 929 171 263
75 909 165 580
810 821 121 638
262 362 442 545
934 938 575 976
582 852 582 588
941 958 30 479
928 975 145 320
534 691 825 979
137 799 558 746
232 814 244 777
697 711 179 920
316 318 285 542
140 349 117 303
215 546 331 788
449 803 536 572
428 574 191 555
11 42 89 883
73 257 465 1000
526 630 626 823
188 509 453 710
233 435 286 372
404 894 896 932
263 744 491 1000
325 370 559 838
365 417 318 527
422 563 207 690
488 917 47 667
111 461 254 339
306 914 478 703
314 742 455 576
217 741 585 845
492 573 40 661
389 592 676 902
309 881 255 711
99 911 103 578
80 260 483 999
47 969 824 900
207 740 423 575
391 786 564 883
483 891 158 427
337 406 19 41
86 625 39 688
64 195 569 914
141 331 226 950
156 428 588 828
472 907 705 912
398 899 556 632
887 898 342 363
546 876 222 595
310 639 489 731
189 588 89 545
152 913 231 389
25 741 496 913
159 879 171 334
363 546 744 757
527 896 107 331
696 938 668 983
194 301 266 845
212 720 403 586
304 382 228 310
491 772 182 927
230 512 703 958
163 683 344 564
95 876 446 777
385 721 63 364
538 892 332 449
219 360 126 559
26 837 283 955
631 991 542 968
215 445 4 50
370 737 34 947
704 867 577 941
167 831 235 443
561 967 207 625
113 957 848 923
152 998 84 387
192 529 869 895
354 618 617 778
110 807 48 756
116 643 345 375
629 994 166 585
446 617 90 758
56 863 624 779
25 312 527 820
130 694 85 265
332 887 602 723
772 919 273 319
26 742 228 843
130 666 820 831
153 523 286 534
660 767 466 767
21 995 454 887
249 483 409 548
283 690 394 473
934 993 22 746
215 414 526 604
488 678 711 829
6 550 221 647
53 743 551 740
788 951 410 824
795 817 120 160
134 870 682 788
556 698 487 757
703 832 147 240
731 873 16 914
41 160 170 431
143 827 177 737
182 773 245 287
383 698 38 170
544 902 182 800
731 919 296 805
661 761 127 728
188 572 202 705
416 691 710 853
479 925 763 778
371 852 70 717
194 384 55 461
34 813 677 956
593 993 380 934
57 632 169 935
158 489 126 564
269 852 499 990
168 643 190 551
941 964 1 589
58 893 317 392
467 800 266 271
364 930 660 856
487 569 782 839
756 879 26 370
495 709 410 754
622 800 28 893
133 626 54 152
330 447 164 582
600 707 101 417
189 371 262 988
293 711 631 649
503 796 185 652
165 806 209 969
490 596 55 386
136 177 706 832
106 582 275 633
62 818 146 702
595 811 585 652
298 618 154 299
450 783 448 929
266 412 490 580
146 255 53 570
172 635 51 543
809 810 317 589
313 481 723 866
54 66 429 1000
111 331 329 823
52 238 384 441
580 642 460 626
178 896 525 667
274 361 208 480
692 775 138 355
223 386 574 890
319 392 182 867
160 810 404 676
180 348 130 684
91 264 147 168
307 764 29 65
116 158 332 653
142 906 404 448
119 156 786 877
302 501 312 841
235 869 131 401
33 761 341 874
572 943 255 916
452 597 97 496
416 831 371 748
689 991 720 880
353 778 123 879
8 723 237 921
776 956 290 522
155 350 28 393
441 961 111 426
617 998 379 685
727 832 605 982
471 982 103 897
290 380 204 902
104 351 19 869
433 649 43 814
794 819 135 705
271 884 34 50
77 132 35 737
266 955 350 379
151 753 739 922
96 367 150 240
46 658 397 424
348 738 501 942
421 880 313 678
499 638 128 674
28 356 538 690
498 556 292 897
720 933 287 904
113 954 504 719
13 816 33 663
82 188 385 424
218 967 189 718
80 109 417 532
394 947 126 362
26 129 85 833
437 675 89 827
147 154 227 721
454 896 257 310
73 961 398 645
65 569 383 675
283 745 558 839
400 684 606 660
342 824 136 546
73 111 213 289
407 691 193 597
512 702 676 686
776 987 107 551
114 670 549 906
111 786 883 934
5 860 177 503
742 943 387 521
606 917 741 888
290 755 763 825
16 608 390 916
283 661 427 514
160 682 51 125
137 472 473 728
521 937 163 607
84 710 360 993
722 905 431 961
777 835 559 600
80 567 84 626
58 880 227 315
385 615 251 298
368 854 55 263
108 836 480 544
337 448 370 601
316 740 122 342
9 454 248 431
357 878 270 769
694 722 212 758
595 752 343 737
654 738 383 825
198 283 437 879
52 434 388 774
363 806 125 263
576 735 767 779
15 572 329 955
769 978 348 911
206 292 904 934
26 683 118 232
320 872 38 212
256 343 310 383
32 199 185 747
424 900 329 353
722 887 552 566
13 950 77 291
307 491 232 785
384 392 58 830
633 738 247 776
259 842 500 665
489 680 623 939
292 320 803 964
139 790 52 465
807 928 417 946
639 968 237 715
147 492 345 654
185 546 822 978
844 963 322 807
128 391 598 605
955 990 40 352
234 885 227 349
80 551 263 697
473 483 238 310
172 543 280 859
593 798 6 135
322 644 681 729
80 859 285 637
413 438 342 608
373 741 340 555
296 395 463 893
279 438 251 322
129 898 98 729
759 960 140 490
204 493 309 906
206 429 294 471
312 849 612 685
169 480 359 724
53 328 272 427
251 512 233 833
677 978 705 791
87 909 560 892
332 509 469 611
403 756 33 43
281 411 805 843
577 899 764 823
28 471 155 500
756 978 428 440
181 987 233 279
324 507 71 544
74 443 238 984
383 625 211 277
146 825 37 286
322 786 691 797
85 400 721 862
298 571 552 738
154 531 291 995
375 885 38 512
232 245 39 603
128 765 375 705
305 870 625 866
414 874 128 641
323 642 219 449
526 890 211 553
203 677 34 423
444 707 658 704
189 765 33 680
521 734 608 949
536 903 258 677
432 753 23 937
512 904 405 545
479 993 132 591
41 605 555 748
110 576 309 365
219 250 71 637
652 953 759 967
182 302 586 606
504 894 59 430
676 684 777 819
280 469 392 750
434 471 209 865
32 242 293 306
245 293 831 966
198 970 456 724
356 738 80 277
854 866 945 991
253 687 237 817
264 725 685 697
29 996 594 728
233 624 352 807
384 765 304 937
208 615 74 653
136 635 368 423
52 331 418 593
292 417 410 763
330 417 116 791
693 936 806 880
84 514 134 807
130 226 576 843
203 327 109 784
884 977 56 557
314 815 399 957
264 451 98 174
214 583 664 812
577 876 653 697
557 802 438 513
292 596 610 942
503 652 271 705
343 533 306 470
195 590 159 906
280 596 470 747
402 634 813 941
340 711 460 583
164 313 88 463
660 972 231 339
422 633 607 729
414 426 30 866
830 863 153 248
20 375 328 573
636 698 636 983
27 273 405 752
536 640 327 362
188 425 135 466
797 860 38 742
315 500 89 322
373 1000 567 880
188 634 391 535
72 206 15 955
200 642 565 806
176 533 467 550
747 955 425 851
202 740 367 902
399 836 604 992
89 625 55 137
219 883 487 540
571 608 71 894
203 322 779 986
135 418 386 939
210 722 34 810
215 738 247 467
920 989 303 841
186 978 137 302
121 249 565 873
304 387 509 783
297 386 761 907
87 738 57 740
463 895 708 988
421 435 650 698
414 988 255 442
96 969 508 806
404 718 795 961
80 616 69 420
70 913 188 628
210 827 377 906
132 392 130 471
662 869 436 750
705 915 687 777
171 697 376 801
698 828 79 952
82 574 300 557
359 696 322 334
477 880 634 747
663 808 299 594
241 330 355 490
41 737 566 780
447 835 214 791
470 538 42 844
626 749 79 623
141 838 931 962
511 732 396 863
324 732 145 846
60 730 507 897
414 471 913 936
129 932 209 324
9 869 707 935
271 402 21 850
218 459 271 750
112 780 295 862
198 221 213 664
172 963 401 695
802 834 349 695
516 657 14 980
133 571 152 554
367 898 183 534
68 878 735 972
306 816 388 664
244 848 368 968
401 596 450 854
906 990 116 568
53 220 262 774
85 946 404 523
371 553 532 860
875 969 83 634
136 445 10 758
576 681 366 874
571 771 388 737
481 759 317 996
649 954 313 976
37 541 164 709
598 702 468 587
388 431 520 964
69 759 31 673
289 522 479 709
466 474 127 255
378 619 261 660
885 923 684 912
621 845 758 825
536 736 571 832
760 926 305 566
165 978 379 801
336 513 323 545
16 151 440 916
810 956 111 239
197 389 113 818
546 685 245 900
282 640 183 852
438 911 89 182
155 565 75 875
852 960 266 430
325 817 740 898
79 397 666 774
466 534 415 895
411 469 75 765
419 620 366 833
506 991 573 670
773 839 478 942
14 901 541 652
408 546 324 929
9 941 343 711
391 908 215 246
396 945 682 937
430 803 202 598
583 955 617 786
250 603 338 892
475 555 875 988
365 966 42 655
164 193 61 908
566 884 191 923
614 833 345 851
549 986 30 527
294 873 199 905
76 623 109 551
103 416 604 877
361 774 91 789
6 75 325 348
277 465 233 970
18 683 572 612
353 705 562 846
60 949 137 913
724 841 54 746
399 532 256 383
475 981 230 374
