1000
1 20 1534719890031257711
1 20 1659493826611646718
1 20 1805711845785407431
1 20 1682679769999398874
1 20 1962215483922600718
1 20 2330713992579404761
1 20 1860213838722466618
1 20 1433542765514396048
1 20 82206407040660067
1 20 1628707509808080359
1 20 546657044781748815
1 20 1136229833450176502
1 20 789600990971224029
1 20 333137944501796612
1 20 248256662923093244
1 20 79046689846201414
1 20 907670929043044542
1 20 482337584239872385
1 20 906541140687251011
1 20 57486948900853852
1 20 1538421429368582709
1 20 1055178248597108391
1 20 211365397515153687
1 20 1417165375947165554
1 20 833766337317062359
1 20 2429038637928776462
1 20 853103880190844918
1 20 113280736954880114
1 20 2408680528490513125
1 20 1207244286431435424
1 20 1457499398896135312
1 20 361674883075815421
1 20 2026647136247879882
1 20 1166978034203489682
1 20 247416242009884280
1 20 691564800181143358
1 20 1610493707110548830
1 20 197617384932459760
1 20 1325878782901409965
1 20 258049903623868905
1 20 2127455492371945712
1 20 1754484551245671421
1 20 961151408407790828
1 20 1215936266627484752
1 20 985760117807255234
1 20 627799824359985596
1 20 1807208677005576053
1 20 1981159186670082432
1 20 1166153171643773718
1 20 1021229153638404916
1 20 1539154254864431670
1 20 181579961547169120
1 20 885997407225385876
1 20 2017532530381333479
1 20 1453288532969689321
1 20 1855725191496374795
1 20 1654185131432098659
1 20 1753394635817150650
1 20 1271131858658293021
1 20 1777445828187202030
1 20 2124942053681465805
1 20 13272495602554531
1 20 395619270285719516
1 20 2267678871601292590
1 20 171306467712364312
1 20 901845075388533800
1 20 2049029183412487877
1 20 1389479448091750116
1 20 2267301308658642444
1 20 1640170147792839528
1 20 1514439293734727314
1 20 1276360771354128605
1 20 703472521399502841
1 20 199333334804625424
1 20 1366274668592057430
1 20 685681130758625318
1 20 2148636727096118420
1 20 370469834314495255
1 20 2254739592592898870
1 20 2110094518575714691
1 20 808298658919797214
1 20 889157228369346307
1 20 1093192735148351391
1 20 1027588323414600451
1 20 195104299566840773
1 20 2032166880501426963
1 20 1872537566203390179
1 20 1415375448444550270
1 20 1442637440163084669
1 20 1628262716955213114
1 20 374359997473003017
1 20 70760083205561128
1 20 1380109923955250050
1 20 893476342264224551
1 20 491331366016027863
1 20 735390451150536663
1 20 1866277918116335879
1 20 1985923823439057436
1 20 1917080379899036817
1 20 2129069429059065349
1 20 340691130468625830
1 20 311907161076845761
1 20 627912577859314035
1 20 1259092071216856849
1 20 1746197911064964118
1 20 711899538183821
1 20 1127753537212610541
1 20 2407571904975173783
1 20 719045039174254356
1 20 1910722716176399528
1 20 2242245466947636495
1 20 178345520675152193
1 20 59446961556269862
1 20 411370258456874204
1 20 1725171104878143960
1 20 2010901531058501460
1 20 1944849417228528552
1 20 2182004848779479422
1 20 55420549336758854
1 20 873998147281138278
1 20 1960230375654395452
1 20 406433735285097330
1 20 2411853112747944406
1 20 1927186130297452890
1 20 2312551813514503605
1 20 2014493383797573458
1 20 1960597092618931942
1 20 1408675982719655424
1 20 1298272996104299372
1 20 1691510697690043481
1 20 113976892857805597
1 20 1663804805492365965
1 20 996509785213494930
1 20 125723650801064971
1 20 1854727703729134591
1 20 560834248196402
1 20 379975354910763376
1 20 1482072993385827523
1 20 2415009492620909025
1 20 2066425488776996300
1 20 2357105744110618474
1 20 983130735560438526
1 20 2118556051508431999
1 20 1674849189316866797
1 20 1714562771810020963
1 20 667335573161443919
1 20 496667720929652882
1 20 1884944836871419448
1 20 626409874039709275
1 20 1223461136182573330
1 20 2233433946776704633
1 20 323105980201911264
1 20 754000480610430975
1 20 2178158522946907409
1 20 1295855756759160374
1 20 1183737720942332642
1 20 669612888806100972
1 20 700473213506944244
1 20 256438624509529848
1 20 570263747366095582
1 20 918807756370535065
1 20 290305466651444420
1 20 2375935414038954594
1 20 1745604348057047423
1 20 417898197920715189
1 20 1661873831383199195
1 20 998715757789326780
1 20 1118010824669841685
1 20 1365245635677518906
1 20 1461581921586939399
1 20 1495178610612298583
1 20 1341353603522324535
1 20 199652215814773212
1 20 1939069953033168832
1 20 1569414380281577270
1 20 409928255967252325
1 20 1239650748111964538
1 20 1270476716010427127
1 20 230169362554011242
1 20 644835909821804574
1 20 2291626686482960854
1 20 2299665003213814866
1 20 1584564371670012320
1 20 2028975883961888623
1 20 957910074938138476
1 20 2420969963181420547
1 20 1805357802268520150
1 20 823333846351924164
1 20 1206268834156430166
1 20 596098589741757083
1 20 1248135803806763603
1 20 2415100950148856034
1 20 488816199038092132
1 20 602992458305476756
1 20 594995384794971999
1 20 560199497216953314
1 20 704302264863340894
1 20 1786558083491176204
1 20 1599918322976418537
1 20 2000992547018458914
1 20 80722920557676661
1 20 430058972184967477
1 20 2111165114692629917
1 20 140858820181623951
1 20 288087186676596377
1 20 1067887758463918229
1 20 312650528117508872
1 20 125787217046591837
1 20 2407919847475723177
1 20 122735041087818124
1 20 1464638170137925528
1 20 711341562157357788
1 20 1139865063199862873
1 20 1399493643092692110
1 20 1583894220925402075
1 20 1419844659317467678
1 20 1561040209559026021
1 20 825715918219829188
1 20 1824062181858800024
1 20 462125419668955954
1 20 1952336734132433614
1 20 1057492431130899146
1 20 331998926000080510
1 20 19800508907407327
1 20 846603945358200602
1 20 1229733710775843617
1 20 1570580048440456614
1 20 2080788841421496632
1 20 321350287069794554
1 20 1209457901326240435
1 20 2021600923859932879
1 20 2421210624923564228
1 20 1813899918196575085
1 20 1613504709753227288
1 20 2332109234897936082
1 20 1222777797416258615
1 20 2101506214567636896
1 20 850474036969313727
1 20 1862971757729881825
1 20 164808965769533819
1 20 1082385324720305864
1 20 2225263765954614671
1 20 863575109304518951
1 20 1371919130846552437
1 20 754155732339443635
1 20 2171773886589688141
1 20 1921717285600872313
1 20 145222325137990785
1 20 1567816166363191551
1 20 503814467205848407
1 20 1798764703150845084
1 20 488785142528840252
1 20 1133004323641396159
1 20 1700734615569173121
1 20 781797887118967205
1 20 2044766170622431132
1 20 1009181099287719777
1 20 1527961939473793482
1 20 2288373840084453388
1 20 315789846894024884
1 20 154836846489024482
1 20 987076436781425428
1 20 1061569413813716283
1 20 2332193673783317986
1 20 2010506707540876124
1 20 439716504957436167
1 20 640177519925717327
1 20 1045144689122480710
1 20 1651863985664820303
1 20 2252893200004368976
1 20 923092075328170831
1 20 1499081328124313668
1 20 2310121642028708826
1 20 1561561388254636032
1 20 1442006060724967564
1 20 2113030592800032246
1 20 2043641423816430022
1 20 527837411592609645
1 20 186370364608852534
1 20 391119651810548759
1 20 1047950606059140658
1 20 789435685951285138
1 20 1672705602787780715
1 20 774318789171857474
1 20 1229413534817300355
1 20 2407466749942784104
1 20 1158694298890964537
1 20 110324697927500606
1 20 889408480103774679
1 20 2298103569524766734
1 20 541144161276204045
1 20 1188475112994848777
1 20 1457268604585907001
1 20 2416088529749501442
1 20 2286375348357809485
1 20 595446824702383723
1 20 2023233140140252832
1 20 2370880114699230465
1 20 1694832506126332482
1 20 243611789654955260
1 20 1448412139050149831
1 20 1232249194413171036
1 20 1242330688343520898
1 20 1541569829467285672
1 20 1608173221384367115
1 20 1486725984285223017
1 20 2072632424144452494
1 20 1070195279972906285
1 20 2424479543507668283
1 20 2211746020816101555
1 20 1889040070856259007
1 20 587846363706780443
1 20 1059479761220697411
1 20 1644539494293758399
1 20 663158920068946101
1 20 1381248901058366862
1 20 2215372636393352873
1 20 1868407391895984695
1 20 1185245368558010105
1 20 1364258224980020919
1 20 1509065422670883817
1 20 792010631124807900
1 20 1475194545389139101
1 20 555823785647217161
1 20 1510069303462178853
1 20 240038367972058042
1 20 695599857849359775
1 20 965186063919395501
1 20 876878804678030354
1 20 1720599957416744215
1 20 789764532387297093
1 20 982058377901735927
1 20 95660231386035107
1 20 1618970306565566313
1 20 1540321481094507753
1 20 536169294136364502
1 20 1406008837896491855
1 20 1330583138506591553
1 20 2105523312322403223
1 20 2228532035699336558
1 20 1463701912559982878
1 20 1395974063812813873
1 20 1020198617100278063
1 20 588685374880849625
1 20 1389225762543927327
1 20 1968177682417598508
1 20 107007914112362744
1 20 1594483786827025704
1 20 2290431799268142365
1 20 461467719967940580
1 20 1580011237795519877
1 20 1587611143913647174
1 20 1026845866574876076
1 20 1924905035777711297
1 20 393854647549500478
1 20 549434206343187205
1 20 978345504907413497
1 20 1834896554285655387
1 20 1133865616575718706
1 20 397548050788708044
1 20 2215532497031372809
1 20 7029229509935256
1 20 448713951435344811
1 20 936714093694947875
1 20 2382227964353691277
1 20 2357802236194009200
1 20 1866944393888532465
1 20 59735514377250608
1 20 1437845687861752268
1 20 397555637429822871
1 20 2302262157208156747
1 20 1133498487541611557
1 20 1072071572788040857
1 20 1482194337201106489
1 20 343916041033738646
1 20 1075425202853553333
1 20 601248031151848399
1 20 725342112791541769
1 20 903310718617925839
1 20 1890660440293615125
1 20 517941953405041662
1 20 1031329764647722190
1 20 1454220193300783238
1 20 1679124086104510903
1 20 1096556829018570755
1 20 2194720861512444578
1 20 379198687336381664
1 20 117705716081454654
1 20 1883486076291163330
1 20 1273472220217017349
1 20 1001759305999464769
1 20 1452921606530516546
1 20 1577832150734169200
1 20 2205026108132554686
1 20 1012516941232500887
1 20 1153701954957140612
1 20 1385663008464803047
1 20 660766810798517245
1 20 1211454819738631182
1 20 2285784809323282238
1 20 132379165707873217
1 20 69286628121414491
1 20 1733447809594772709
1 20 1061412648088631320
1 20 751812647800684508
1 20 1205791575817769469
1 20 784088645012086479
1 20 1267487069625334887
1 20 2271648849613644634
1 20 1245088649959192207
1 20 2226652291884763962
1 20 2179245772665080128
1 20 1846690331878330963
1 20 1191166045604276236
1 20 335908202837585293
1 20 2080675211929538180
1 20 1786519894942632423
1 20 939524026777662565
1 20 2427544909858595817
1 20 873911894913310056
1 20 165426870938192631
1 20 1134376403258502042
1 20 1207498667278255808
1 20 1536376907455260784
1 20 2042383660239024246
1 20 622242577695764690
1 20 652866670361286002
1 20 466344895153104407
1 20 2149842454494947935
1 20 1860580998850388995
1 20 2309722478656389803
1 20 1954813398925627296
1 20 1792603024710257033
1 20 257055014946683077
1 20 1488697454032186516
1 20 2386688444140630758
1 20 1178776518540573551
1 20 897369792222623968
1 20 180913378935805204
1 20 2363821154471758467
1 20 1481052290764755633
1 20 160612051057432556
1 20 341595297485387838
1 20 794031816995932574
1 20 1731226996352619500
1 20 1577370358293198292
1 20 1603279038802881630
1 20 1993392289205277408
1 20 1963925344014758674
1 20 1406814359616517627
1 20 1100085668123058837
1 20 1571982179554904835
1 20 1234413356670675290
1 20 1383216440751856101
1 20 1568509614836003378
1 20 1457639202537525121
1 20 2114604161250995122
1 20 2333985125588758256
1 20 941422369488558315
1 20 835400586549788766
1 20 1286420170916038940
1 20 1657714404784225688
1 20 578119305276839233
1 20 1884002260662115609
1 20 1915087989361977524
1 20 2000992656100125036
1 20 2053589872548663941
1 20 747831092599186572
1 20 287069895145020531
1 20 32429364696889129
1 20 2018116375182502472
1 20 585512185366828180
1 20 1245465053051276847
1 20 839785047917392403
1 20 1567275832967595256
1 20 1442262467297467561
1 20 1363254066380730629
1 20 1308912585299808424
1 20 1725769720380330766
1 20 120847564660184865
1 20 1604676498113589151
1 20 1296125487476762816
1 20 2247636967462420628
1 20 632096576283845766
1 20 1001567924869667453
1 20 667337769418896715
1 20 1107599870038109334
1 20 1445298715659249829
1 20 1517728006212163151
1 20 67942926502979688
1 20 1216133851232640583
1 20 2165271378947833307
1 20 1625995092813261221
1 20 1042453459512816178
1 20 863062308220147759
1 20 1160758642243850692
1 20 685379410469758151
1 20 1348831461054052570
1 20 415287567658649096
1 20 363408373592524016
1 20 238371321901200603
1 20 896837936307400636
1 20 2008947827289468361
1 20 193248202591401804
1 20 607335871007702766
1 20 156846022855312956
1 20 827766773840262082
1 20 1091836560061488040
1 20 734310538632926550
1 20 127692114527080127
1 20 1344213431432828442
1 20 2422854127149845383
1 20 2418119286279982478
1 20 1230631243012860961
1 20 1516473478136827359
1 20 506641350636514829
1 20 849458754109371158
1 20 2327115606296354323
1 20 1479825408457465769
1 20 101160165135210358
1 20 292259282934605290
1 20 1912933273355321712
1 20 461316274361313532
1 20 928514638639263309
1 20 1969471835357207977
1 20 2316461278836345482
1 20 961032208789520300
1 20 2099561209533636699
1 20 479212838459931550
1 20 2353798592997148869
1 20 1523994332673383249
1 20 1868137756048436731
1 20 192934492485426258
1 20 2227142104909176223
1 20 796788855095790000
1 20 1185538817877158573
1 20 25096159816885502
1 20 2288417695497868138
1 20 1309252947897647970
1 20 897463442074641821
1 20 857590916776715557
1 20 72596252251601175
1 20 743141892857954343
1 20 2342748684383899373
1 20 736059418782195395
1 20 289301091835031568
1 20 1730405565992421491
1 20 909912376930021266
1 20 1468405072364321389
1 20 2406187710632696875
1 20 497588751988517781
1 20 1357524479224459120
1 20 585513199455420051
1 20 2220354755565403045
1 20 1478316792418686643
1 20 581258397635996421
1 20 439210531851232607
1 20 338382713692438970
1 20 935410373673874452
1 20 265838478624260478
1 20 1354558191444443602
1 20 1295783105542410450
1 20 439646917340495759
1 20 1133142553260422571
1 20 1696748357212647795
1 20 436697577557495908
1 20 85221674981009584
1 20 1590107338112147834
1 20 1533640835821864629
1 20 1191141038618629365
1 20 780896467375118588
1 20 1734419023323469140
1 20 341495070375760132
1 20 721018929495929818
1 20 519361997578490811
1 20 2322713435853189795
1 20 1405664237118039410
1 20 1206164256386647533
1 20 1721824614359451730
1 20 2194145145776549947
1 20 2126086622170507667
1 20 1345457562310748426
1 20 973817161782831620
1 20 1509121395656765139
1 20 573256860121169543
1 20 1505794021640699774
1 20 15800758492163083
1 20 77618952042809640
1 20 451881841616603885
1 20 1299369071896934870
1 20 2072666182518190903
1 20 1633868883822103514
1 20 1177823587193012620
1 20 699658927001834299
1 20 529475030354445927
1 20 1651606240051255627
1 20 50852312083826382
1 20 2250173806611677990
1 20 1254562376229018677
1 20 1114863347310217265
1 20 2275831825701562024
1 20 1387216092185931822
1 20 1469323937526127082
1 20 1739637988364276436
1 20 1794372215628520160
1 20 645940248004212550
1 20 2327036391545110184
1 20 205244177481145752
1 20 1140144357761206352
1 20 2423340298089226480
1 20 1101218588215401199
1 20 703603966282174982
1 20 338634486637082003
1 20 1755854581539708111
1 20 183924613810468210
1 20 2408974237909133624
1 20 945046871121486845
1 20 1391291483385426838
1 20 131303742994977492
1 20 60772619803309441
1 20 1712847722683919356
1 20 1389319768495991255
1 20 1739878174454318585
1 20 2027122937103019160
1 20 13848546027989254
1 20 118184429032661735
1 20 1445490418062130686
1 20 61403898918815305
1 20 1013330201797234238
1 20 1777443082825214682
1 20 1781881557420679741
1 20 2201992752734567836
1 20 1445024188698517788
1 20 1276744045294978671
1 20 1488069313023884134
1 20 764809697281932651
1 20 1192589950646218093
1 20 2175286928658636476
1 20 1685897333352548958
1 20 2181632224106442981
1 20 835078865813975185
1 20 572331719648060413
1 20 697224925194908097
1 20 2091536746588630148
1 20 351190516837500582
1 20 1794066524482206231
1 20 586302393534049993
1 20 1630164525711299457
1 20 355003921489882992
1 20 1923672790383492854
1 20 411100425939630160
1 20 2004019197437127931
1 20 399586905000189499
1 20 993408093121428511
1 20 2276217951183922065
1 20 1499652796313538346
1 20 1888335893002245745
1 20 1034647605635004486
1 20 870843832174684344
1 20 1765811346780148276
1 20 342668004812333076
1 20 1101500093622785464
1 20 536609628826250298
1 20 1787026847738932879
1 20 1196235030324076451
1 20 1586642615813576212
1 20 2405296137815978729
1 20 754331929608470163
1 20 526112457674173522
1 20 616792247980070019
1 20 377123397805577733
1 20 332688133061656174
1 20 2100823814168642430
1 20 313594689350363217
1 20 213954570974958925
1 20 505788021944086282
1 20 491637539125795297
1 20 2075767200640251166
1 20 1111325906175730984
1 20 647297600305899016
1 20 1233436924670403766
1 20 1736566494635171717
1 20 230775787964730556
1 20 473965902857040070
1 20 895328640529373681
1 20 245708633034102502
1 20 679340028216580100
1 20 1402675914406363803
1 20 1030124034210222790
1 20 695731577371839185
1 20 452079457928350210
1 20 2292008951702454418
1 20 2355754723895213560
1 20 93207347118490449
1 20 2137506504505062156
1 20 1585032093034720812
1 20 2307145716030799400
1 20 1679933472314925448
1 20 373558231483052946
1 20 243640050093192165
1 20 1627354738043856917
1 20 1194097112763017201
1 20 1661019549353972034
1 20 151466679728150353
1 20 2401857515351960348
1 20 615127016511754800
1 20 493033846801510813
1 20 456184996037034526
1 20 1159724550194650312
1 20 2094725454825898896
1 20 1626900032524851781
1 20 262772896204039890
1 20 2012909278548671979
1 20 260680655866831159
1 20 588625614858049170
1 20 1074145760442220910
1 20 216077067552658484
1 20 280615610969109790
1 20 576031842115325532
1 20 617531681279996973
1 20 947474604092093007
1 20 1070683217983449072
1 20 47040251140341146
1 20 2384891817977392574
1 20 222446000666661795
1 20 1975764546236008445
1 20 1583930471068196816
1 20 269892001586219147
1 20 1847052146454417287
1 20 1536838633176361082
1 20 1441551129054924942
1 20 770810769503769792
1 20 2352868695307319883
1 20 1330108124695366411
1 20 1490653395510636664
1 20 2011903385923741777
1 20 539304400006129298
1 20 1217751527326055246
1 20 1978957055534192211
1 20 2129035088341627248
1 20 2332253015398744532
1 20 1531839963304459571
1 20 1553326530860191466
1 20 1335512197578524235
1 20 2305924256307635048
1 20 1508500627433029764
1 20 224057418679865068
1 20 1155869207402640676
1 20 130179374468045067
1 20 611614452667284744
1 20 699402049327713509
1 20 863253581733159120
1 20 510268592937419126
1 20 43517738072673332
1 20 1345988368313387579
1 20 2046801064439706727
1 20 1298537477672845633
1 20 643134577324255751
1 20 1973220497140167018
1 20 2379958882807450461
1 20 2245841211228656828
1 20 2043344321626334629
1 20 1155694228132208538
1 20 1440238827157995561
1 20 10604875966790175
1 20 47557358892480799
1 20 2034802483956272320
1 20 2188782374506677226
1 20 1604681585494802283
1 20 388464616696539013
1 20 540477236626884855
1 20 1937338725205830478
1 20 1482278844251952496
1 20 2388854993093072476
1 20 642530112484490918
1 20 258291043953437986
1 20 470109260815270668
1 20 670460150692145647
1 20 694516683051431252
1 20 481283469318471264
1 20 2390177781810339424
1 20 1296636633247361875
1 20 2079220652840479445
1 20 1905913140055153408
1 20 17965181091427791
1 20 384389853783758127
1 20 2347257556534162002
1 20 517446575540674909
1 20 2150718621022030441
1 20 1813891603509299642
1 20 810078606713979804
1 20 880691581741673301
1 20 300762610252490106
1 20 177700506229149149
1 20 1860311336029914314
1 20 1078039106552410179
1 20 2296252822075694118
1 20 1248339444223480497
1 20 45637816022711258
1 20 395654484643507413
1 20 616888059989931488
1 20 604102126583501134
1 20 1360457780144456430
1 20 253934315663358228
1 20 1927675455556382130
1 20 45748229756522165
1 20 2123970923051741122
1 20 193865709054278542
1 20 1441448639579478286
1 20 2284672516732524350
1 20 1105427569544307391
1 20 500564430049977310
1 20 792377620247973502
1 20 1008042502101322949
1 20 1471273875511546558
1 20 1300356539687781571
1 20 1013165564526625006
1 20 2177017153932477009
1 20 835290628411932696
1 20 731112092258882703
1 20 541802173238565837
1 20 2183929172441767518
1 20 50955988965393164
1 20 1458753369392402717
1 20 2040434034532529177
1 20 303259143638583123
1 20 154874918870176710
1 20 705427340013357025
1 20 2083765122218243146
1 20 558554745165672854
1 20 2101092151711112025
1 20 846090991986182038
1 20 593812727387377058
1 20 529219196403834031
1 20 891531567514707657
1 20 967784267051277398
1 20 1003037927787296708
1 20 299827063116376179
1 20 2391649380621204827
1 20 813939311385604431
1 20 326993930108364400
1 20 385575006357847166
1 20 1917775445846670127
1 20 2367042782018884841
1 20 602263519718159620
1 20 74410058407892214
1 20 31355993150744881
1 20 510353370577495833
1 20 212624934536230415
1 20 2277546972216434961
1 20 555329740969643202
1 20 2052481436565532436
1 20 626236571493352080
1 20 1694608610658756286
1 20 698470606858209735
1 20 1574998003714929840
1 20 1270744298989390680
1 20 241922476345450195
1 20 1187586769066912989
1 20 329951173259716984
1 20 548194500857137837
1 20 395639192615453600
1 20 1224077892349032286
1 20 374339545127395329
1 20 420362121549926631
1 20 608592594430601310
1 20 47416997754567222
1 20 1301858545067050948
1 20 1341923727966515957
1 20 2329728817541010310
1 20 1009644326694137672
1 20 2014458183990485886
1 20 1391242362031838651
1 20 2199815625636632762
1 20 2411931378410863338
1 20 1683334670454015244
1 20 960338314706696795
1 20 613288212189559627
1 20 265626245073639584
1 20 1729055466521817927
1 20 1969102355071735055
1 20 149595279342446262
1 20 1920251001725789251
1 20 1488133095678807408
1 20 1819492357180287875
1 20 1721107654032203754
1 20 1929876740732849606
1 20 874000551237055921
1 20 1753682883887392970
1 20 594662303231551412
1 20 1736784957590456332
1 20 276847910718024388
1 20 26096979738627225
1 20 607283051507161248
1 20 1840584091017255782
1 20 1039030346127474911
1 20 1345023775733884002
1 20 484949061605565350
1 20 2348952533679638462
1 20 822290614191645994
1 20 1904215129247393462
1 20 1978762300288599844
1 20 1190464786452267756
1 20 813455581166890372
1 20 553295879394476563
1 20 1244502788856820774
1 20 1112588343125385203
1 20 29057190808100501
1 20 1021956049931189376
1 20 231919592788259038
1 20 1643991070699903173
1 20 2238778769873006583
1 20 1388832256799311916
1 20 2191948688029201118
1 20 2214295193888043155
1 20 1675572716021822590
1 20 2308675781024406348
1 20 1389685315010777449
1 20 451376574457401211
1 20 2278644145825032328
1 20 6669152484329019
1 20 337637758809597788
1 20 358683887069182520
1 20 1496384731667129674
1 20 1240174809254934123
1 20 2035616328081598370
1 20 1266576789193281023
1 20 858470303361475170
1 20 1810793365571443329
1 20 2319748426808984491
1 20 1976899540068767704
1 20 1707254499915827418
1 20 2247668206838097442
1 20 1523404681254207840
1 20 2239451648115277676
1 20 762151540816191599
1 20 557852126481044130
1 20 2178669500674295024
1 20 1589346703953439003
1 20 1084748233442682683
1 20 516668148431668658
1 20 2103952719918142973
1 20 1762157809901382980
1 20 1356950824502542855
1 20 1156281121694565599
1 20 2000057720754953950
1 20 2155401174954713296
1 20 1998404814255401390
1 20 2405125166807592786
1 20 743617359441586471
1 20 1160588343838457097
1 20 2144081639163906346
1 20 2266521087655548919
1 20 1929357582391473423
1 20 194158917632198650
1 20 964301458613871383
1 20 121218627211682747
1 20 1779904631793524329
1 20 1764193810615605759
1 20 1586006642225944924
1 20 1533762751892131875
1 20 2143325075727071195
1 20 54313977817605339
1 20 1535783188319316766
1 20 2374835970539888664
1 20 2230324032422866148
1 20 1987186207422263365
1 20 650654491065776279
1 20 919667012120444227
1 20 1093779044271291603
1 20 2245049097634463778
1 20 500488105132682987
1 20 1191208804934323831
1 20 1715715562357843172
1 20 1241036288844207698
1 20 864013101941757851
1 20 377755355965875437
1 20 741819264103542878
1 20 1902514691796631032
1 20 1612294540227126479
1 20 1566103254847049606
1 20 281394088156266428
1 20 393438384888906199
1 20 1607850653177469141
1 20 1405682686641535986
1 20 5613047563763024
1 20 1966662856624865295
1 20 1412680463015738689
1 20 564238992626470180
1 20 1110463068915359781
1 20 324177485536923406
1 20 924612699814887263
1 20 232655868945287706
1 20 1540660325800703153
1 20 2112179974813431953
1 20 878745203456637690
1 20 715110481833105331
1 20 1706109856764071281
1 20 1500106127831204568
1 20 434516614954488314
