50 49 100
33 34
7 8
49 50
47 48
3 4
23 24
25 26
2 3
18 19
16 17
13 14
8 9
46 47
32 33
45 46
6 7
39 40
26 27
34 35
28 29
14 15
19 20
31 32
1 2
35 36
41 42
40 41
11 12
27 28
5 6
15 16
43 44
44 45
30 31
38 39
10 11
29 30
42 43
20 21
9 10
17 18
12 13
21 22
36 37
37 38
4 5
22 23
24 25
48 49
14 29 16
11 14 54
23 2 32
12 26 59
14 17 98
14 37 31
6 41 39
5 32 36
7 38 99
8 23 87
40 40 80
1 19 46
21 20 59
27 39 37
10 24 29
44 34 40
25 23 18
8 21 82
10 45 53
47 42 62
10 48 96
45 22 82
26 35 51
35 1 84
37 31 100
34 9 46
7 21 37
32 35 81
1 34 37
43 3 76
40 49 35
3 36 53
25 34 98
38 42 54
31 14 57
42 50 74
13 44 1
16 5 61
47 14 98
45 25 29
18 26 73
8 1 69
38 45 67
27 10 77
34 24 92
34 9 56
46 40 32
44 36 86
14 16 52
50 9 73
24 23 45
34 20 89
40 25 49
21 37 5
40 35 35
1 46 37
36 30 90
25 22 20
24 34 91
49 32 47
27 1 23
14 48 53
28 8 76
26 12 30
22 19 39
50 26 80
7 11 69
29 2 66
12 36 74
27 47 33
31 4 41
19 43 1
50 32 29
35 20 75
35 12 36
12 2 39
18 25 48
10 3 34
46 44 73
24 39 14
5 48 3
37 13 29
7 1 24
17 35 85
25 17 94
23 30 22
10 42 18
49 17 3
22 12 7
14 32 6
3 24 73
18 34 33
1 41 77
43 17 74
39 29 33
40 30 16
9 18 85
45 14 60
38 40 56
32 46 90
