11 11 100
10 11
7 8
1 2
5 6
3 4
9 10
8 9
2 3
1 11
6 7
4 5
3 7 16
3 4 54
6 1 32
3 6 59
3 4 98
3 9 31
2 9 39
2 7 36
2 9 99
2 5 87
9 9 80
1 4 46
5 5 59
6 9 37
3 6 29
10 8 40
6 5 18
2 5 82
3 10 53
11 10 62
3 11 96
10 5 82
6 8 51
8 1 84
9 7 100
8 2 46
2 5 37
7 8 81
1 8 37
10 1 76
9 11 35
1 8 53
6 8 98
9 10 54
7 3 57
10 11 74
3 10 1
4 1 61
11 4 98
10 6 29
4 6 73
2 1 69
9 10 67
6 3 77
8 6 92
8 2 56
11 9 32
10 8 86
3 4 52
11 2 73
6 6 45
8 5 89
9 6 49
5 8 5
9 8 35
1 11 37
8 7 90
6 5 20
6 8 91
11 7 47
6 1 23
3 11 53
7 2 76
6 3 30
5 5 39
11 6 80
2 3 69
7 1 66
3 8 74
6 11 33
7 1 41
5 10 1
11 7 29
8 5 75
8 3 36
3 1 39
4 6 48
3 1 34
11 10 73
6 9 14
2 11 3
8 3 29
2 1 24
4 8 85
6 4 94
5 7 22
3 10 18
11 4 3
5 3 7
4 7 6
1 6 73
4 8 33
1 9 77
10 4 74
9 7 33
9 7 16
2 4 85
10 3 60
9 9 56
7 10 90
