1000
10 7 73
4 7 49
7 6 50
5 7 13
8 8 8
10 7 51
8 6 84
2 7 76
3 9 31
4 7 86
9 6 25
10 3 81
10 2 9
8 2 86
2 5 25
3 6 25
9 7 1
7 8 73
5 10 5
10 6 27
4 10 67
10 4 99
2 9 90
9 2 66
9 10 96
7 10 72
6 6 8
4 2 21
7 3 24
9 10 32
2 10 19
8 7 77
2 8 36
4 2 81
9 7 48
3 5 45
6 5 24
4 9 50
8 10 32
4 5 91
7 8 79
5 8 20
9 7 5
2 10 76
5 8 39
10 7 99
8 7 28
6 9 74
8 8 18
6 5 49
3 9 88
2 7 10
6 9 67
8 4 4
10 8 25
9 3 85
5 6 6
9 5 45
10 7 35
3 4 64
2 10 63
6 2 19
4 9 10
9 9 94
2 4 24
4 5 96
5 2 90
9 9 91
8 6 96
7 2 88
8 7 80
3 4 10
2 6 80
5 4 87
5 3 10
4 10 82
8 5 7
8 5 87
8 7 70
9 9 95
5 3 9
3 4 46
6 8 3
2 5 7
10 10 14
8 6 66
10 6 19
2 8 38
9 7 4
7 2 96
2 3 97
2 7 55
8 8 60
4 2 63
4 5 9
8 5 11
10 10 100
4 8 28
3 5 64
4 8 2
8 10 69
6 3 91
7 6 6
9 7 41
2 7 74
7 5 13
10 2 89
2 8 88
10 8 4
8 2 82
2 8 92
9 3 41
10 9 71
10 5 11
9 7 95
7 2 18
4 3 29
8 4 17
5 6 49
9 7 8
7 5 20
9 6 69
3 6 61
6 4 93
3 5 18
4 4 5
2 2 30
7 3 39
5 3 93
10 8 79
10 8 93
8 3 25
4 7 91
5 10 84
2 5 12
6 10 40
6 7 37
2 6 53
7 7 88
3 10 97
6 10 35
2 7 6
4 8 63
9 7 21
8 10 84
2 9 9
5 10 49
6 5 67
9 8 72
9 4 50
8 8 22
3 6 42
4 6 82
6 10 32
3 3 79
4 4 44
8 4 65
8 7 85
8 10 2
6 3 49
8 10 58
2 3 7
5 4 29
3 2 94
2 2 74
10 2 73
7 4 78
7 5 38
6 7 39
8 7 91
4 2 68
8 3 55
8 8 29
9 3 29
2 10 23
7 6 57
4 3 0
10 6 40
9 2 81
9 8 14
7 2 98
2 5 64
6 9 36
9 4 66
2 7 86
9 8 76
10 2 30
9 10 23
9 6 38
4 9 68
6 8 69
9 10 67
8 8 4
4 7 87
3 8 43
3 10 31
5 7 33
4 9 28
7 3 63
6 3 80
2 10 14
5 5 24
10 8 74
8 3 4
2 4 87
5 2 45
10 9 66
2 5 8
10 7 64
4 7 68
10 9 32
3 9 36
3 2 4
5 6 94
6 3 85
4 5 19
4 3 67
4 7 92
6 3 21
6 10 52
8 5 35
9 6 88
6 8 15
10 10 32
4 7 64
10 7 63
9 4 55
6 9 86
4 10 36
7 2 81
7 9 96
3 6 70
4 6 38
4 6 48
10 4 80
7 5 44
7 10 77
2 7 57
5 10 42
9 8 29
4 5 45
6 5 18
6 10 61
8 2 32
6 7 3
4 10 40
3 7 91
2 4 11
10 5 63
5 10 47
8 4 29
5 5 2
10 7 23
9 7 14
6 3 73
6 8 4
9 6 61
8 7 38
5 4 60
6 8 66
2 9 43
8 8 44
9 3 63
6 3 60
7 10 44
2 5 57
8 3 67
3 3 15
5 9 98
8 9 41
5 7 100
6 10 11
7 9 28
2 2 16
3 7 25
6 10 45
6 10 51
10 4 70
4 6 1
5 8 68
6 2 94
3 9 55
5 7 70
10 8 89
7 5 70
7 5 9
4 5 41
10 3 68
3 8 84
3 4 20
7 2 25
5 8 94
5 8 14
5 10 28
5 7 95
7 6 30
9 7 11
2 3 52
9 3 81
2 10 98
3 10 98
7 4 80
9 10 58
8 6 1
2 5 40
5 7 90
2 9 17
5 6 10
4 6 18
8 6 52
9 7 3
3 4 28
2 5 48
2 5 88
4 6 70
4 5 35
9 5 68
2 6 40
9 9 3
8 9 96
7 3 33
6 3 9
6 9 34
6 2 49
5 10 24
5 2 88
3 5 80
10 6 33
6 7 22
5 9 70
9 4 10
4 3 12
8 9 6
10 8 9
7 10 0
8 2 49
2 8 28
8 7 83
10 6 68
6 7 24
9 2 22
10 4 41
9 5 4
3 10 93
3 2 22
4 8 43
10 7 65
3 5 86
9 8 54
6 8 23
5 7 76
4 7 34
5 6 25
7 4 82
7 10 58
8 3 64
5 5 83
10 6 23
8 6 27
7 5 16
8 5 53
3 8 26
9 4 58
2 2 2
9 6 83
8 4 34
5 4 75
7 4 90
10 7 94
6 6 63
7 7 33
2 6 86
7 10 35
9 4 78
5 8 18
4 10 8
5 3 30
7 7 54
7 4 76
5 6 1
6 7 33
9 2 45
5 3 75
4 6 36
4 5 87
6 6 27
3 10 10
6 2 24
8 3 95
8 2 65
8 4 58
2 5 45
4 5 3
9 6 16
10 10 67
4 8 34
10 7 98
3 9 23
9 10 22
10 4 74
7 7 46
2 6 8
6 8 11
3 5 10
8 7 74
3 7 70
10 5 58
3 9 65
8 7 22
8 5 90
3 2 61
2 4 5
6 4 24
2 2 63
6 7 80
10 5 18
4 4 2
3 5 20
3 10 78
5 4 53
3 8 49
5 5 100
4 7 93
2 4 81
7 5 35
8 4 94
8 10 53
8 3 3
6 6 70
3 4 94
9 8 80
6 7 16
3 2 9
8 5 12
3 2 74
9 6 24
3 2 31
4 7 8
3 9 2
9 2 44
6 7 90
6 10 16
4 8 5
3 9 20
6 6 20
4 3 37
10 3 39
4 6 68
10 10 28
7 10 60
9 2 90
5 6 74
5 7 87
3 6 41
2 2 5
3 7 36
7 9 62
7 10 68
7 6 39
4 10 80
5 4 96
3 3 14
7 10 1
7 9 80
7 9 71
6 5 6
10 8 63
6 2 14
7 10 48
8 4 88
6 10 64
2 10 18
5 10 50
10 5 85
5 5 59
7 4 62
3 8 48
10 6 26
8 4 75
6 6 71
2 4 1
7 6 5
5 8 81
5 9 29
7 2 87
2 9 71
8 7 39
2 3 28
2 8 55
8 9 40
3 10 92
6 7 100
9 3 21
5 2 68
3 3 70
6 6 80
10 6 86
7 9 35
2 6 46
4 3 80
3 4 55
9 3 9
8 10 25
4 7 70
10 3 95
8 3 91
8 6 82
6 3 95
5 9 41
6 8 52
5 5 56
8 7 69
3 3 100
5 6 14
4 8 66
3 6 91
9 7 46
10 4 19
3 3 17
9 3 20
3 9 47
3 9 5
3 3 51
9 2 30
7 4 9
6 8 32
2 5 13
3 5 92
5 10 32
9 8 23
2 2 18
6 5 62
4 7 79
4 3 62
9 10 97
9 9 68
2 6 59
8 7 79
3 10 83
7 3 86
9 3 87
2 3 45
7 6 72
7 10 4
6 10 23
4 3 76
3 6 12
9 6 57
3 9 93
7 10 7
8 2 99
2 9 81
7 2 97
3 8 17
5 5 1
2 10 65
2 9 79
10 2 54
5 3 43
9 2 15
8 4 42
4 5 40
4 10 42
6 10 41
7 8 53
10 3 78
6 2 54
9 4 82
10 7 43
8 10 72
6 7 64
2 7 0
2 5 79
10 6 97
10 2 87
4 7 19
10 7 32
5 3 23
3 2 18
6 6 56
6 4 82
8 8 70
10 9 78
9 2 32
4 6 12
2 9 1
9 9 87
9 3 60
3 7 53
9 8 41
10 4 29
4 8 75
2 2 100
9 8 18
7 4 13
8 10 43
10 6 57
4 8 86
2 3 100
4 7 72
2 8 79
3 3 90
10 5 14
9 8 63
8 4 24
4 3 97
5 2 54
8 3 29
10 9 23
6 6 10
3 4 39
4 6 20
2 3 53
2 2 88
3 9 89
2 10 40
10 10 77
9 5 67
5 3 87
9 3 43
4 5 54
7 3 36
10 5 31
5 9 83
4 8 3
4 3 60
10 2 22
10 7 75
9 6 75
2 8 69
8 2 80
4 8 39
3 9 15
2 9 82
6 4 67
4 4 14
5 2 77
5 7 27
10 3 8
6 6 81
10 7 13
4 10 10
6 10 97
5 8 77
3 9 53
9 10 53
4 10 99
2 3 0
3 4 67
7 2 63
7 9 2
4 10 47
4 6 98
7 6 83
3 2 35
2 6 75
6 8 90
6 2 9
9 3 98
3 10 33
7 5 10
7 3 71
9 4 13
2 6 17
5 7 37
4 10 57
5 8 80
6 2 61
6 10 55
7 5 33
5 4 78
2 4 47
2 2 71
8 8 83
4 2 79
8 10 41
8 7 90
7 2 58
6 8 86
5 3 79
8 3 16
2 2 96
4 4 71
10 8 16
6 5 55
6 4 13
7 10 29
4 5 52
2 8 95
9 6 70
8 9 89
3 6 75
9 7 34
9 2 7
10 3 6
4 7 4
9 4 98
6 6 60
8 5 61
10 7 38
6 2 84
7 3 16
9 3 0
7 3 37
3 5 41
3 6 56
3 6 37
4 8 72
2 3 47
7 9 61
7 9 90
10 4 87
3 8 96
4 9 9
7 8 30
10 3 58
6 3 48
6 6 31
5 9 55
6 9 23
8 10 29
3 5 79
8 4 25
3 6 87
6 8 7
10 10 88
9 8 97
2 10 36
5 3 77
2 3 49
9 8 37
10 7 44
7 9 38
8 2 31
7 10 3
8 5 81
7 5 87
5 10 98
5 2 55
9 5 84
3 6 6
7 6 34
4 3 35
4 2 84
6 8 83
10 7 85
7 10 43
2 4 72
8 3 61
7 6 61
2 8 61
6 3 32
3 5 73
3 5 78
3 2 25
2 6 42
2 9 42
5 2 57
4 4 77
3 7 37
7 4 12
2 7 53
3 9 51
5 6 76
9 10 27
7 10 69
3 6 80
8 6 37
2 6 73
5 7 92
3 6 23
7 4 40
3 9 52
5 4 55
3 8 12
6 6 78
10 6 39
7 9 60
4 2 74
10 10 80
4 5 47
9 3 82
2 2 21
9 2 91
3 5 12
9 8 1
4 4 25
5 10 17
9 2 98
9 6 9
6 3 41
10 3 97
4 8 53
2 5 76
6 6 88
8 10 20
4 10 24
2 5 26
4 2 72
6 9 54
4 5 21
5 4 52
10 2 43
3 4 26
7 9 67
10 8 98
8 9 88
3 5 60
4 4 87
10 8 88
8 7 59
8 3 40
3 10 42
10 3 32
3 10 3
4 7 36
6 8 49
4 6 34
10 4 91
4 4 29
5 9 95
4 5 38
3 8 60
10 10 58
5 8 28
6 3 64
2 10 87
9 10 48
7 10 95
7 3 84
7 7 76
4 9 92
6 10 66
10 5 61
6 5 78
9 4 87
3 10 89
10 4 4
5 2 83
4 3 96
9 4 83
8 8 99
8 8 26
2 4 9
4 2 0
2 3 37
7 2 67
8 5 54
5 3 78
9 4 89
5 3 94
6 6 28
4 9 81
8 2 25
9 6 34
2 3 1
7 5 57
2 2 80
2 10 92
7 9 19
8 5 73
9 4 69
6 9 11
7 6 58
3 4 9
6 2 86
10 3 2
8 7 98
3 8 47
10 7 56
7 2 19
5 8 8
8 9 23
7 5 96
6 5 71
9 4 5
7 4 29
6 5 39
6 3 4
9 8 0
2 3 64
7 7 50
2 8 41
6 4 69
8 9 93
9 8 6
4 4 8
2 7 44
7 4 19
9 3 50
6 3 6
7 10 98
6 3 47
5 6 32
4 3 56
6 7 88
8 6 76
10 6 0
2 8 90
3 4 19
9 6 50
8 2 87
8 9 52
3 7 67
6 2 22
9 3 34
9 8 49
3 6 98
3 9 48
10 10 13
10 10 66
3 9 60
10 6 4
3 4 53
8 10 6
3 9 45
7 8 16
4 5 5
4 9 35
9 3 24
3 6 50
7 8 33
4 4 55
9 10 2
3 3 10
6 5 86
10 7 71
4 2 25
7 9 5
3 5 93
7 4 61
9 9 84
9 4 12
4 4 28
4 5 97
4 7 67
5 8 45
2 2 31
9 9 4
8 4 36
3 4 5
6 10 24
5 8 61
5 8 99
6 5 2
2 6 21
8 3 66
6 8 82
6 10 82
8 2 34
7 5 50
2 9 7
5 5 12
10 4 63
4 8 31
9 8 28
3 3 67
2 9 35
7 4 22
8 6 23
8 9 48
5 2 47
7 8 58
4 10 12
4 4 50
4 4 93
8 4 3
5 7 96
2 4 84
7 9 37
3 7 92
8 2 28
2 5 71
6 6 90
8 8 43
6 4 87
10 2 61
4 7 98
3 4 21
9 8 8
9 5 52
9 6 67
10 10 46
4 5 94
5 7 30
4 4 96
8 6 59
5 2 79
6 3 58
7 7 96
10 10 0
6 9 24
2 5 98
2 10 31
9 7 6
8 9 16
7 7 19
4 3 85
9 7 27
7 6 78
