1000
756 241 215264
735 995 977885
220 269 451319
179 803 729660
575 948 664442
588 557 299317
333 693 317458
708 485 647250
308 840 354776
36 882 187537
811 420 440436
700 117 702192
932 947 991367
553 779 396778
409 919 409418
248 471 925952
646 481 310903
229 279 151612
32 900 26727
464 517 105778
795 622 499644
229 323 687561
745 635 546688
835 926 394745
354 445 64910
441 935 375637
495 621 214896
885 92 159564
973 84 121545
270 467 671083
808 783 165301
74 628 319845
497 956 346542
984 936 284438
791 537 333361
476 575 264389
506 111 880416
431 366 520873
267 491 328233
560 457 316334
241 790 165800
10 178 361336
37 930 69514
473 143 389031
586 689 660786
568 777 496413
923 807 128735
799 2 380156
997 126 873230
781 987 15988
938 895 910300
567 326 938172
758 894 312687
382 42 558558
659 964 686295
521 522 934969
294 172 430767
794 54 821186
506 773 737993
485 756 931211
245 201 958793
432 512 229000
373 371 335633
986 922 803534
386 818 763870
304 505 694684
569 200 311729
946 459 413279
198 104 12017
371 241 574961
469 823 925839
82 658 424290
271 803 705963
815 670 737659
980 854 703861
609 680 618239
675 993 77911
95 373 139316
339 380 634194
39 249 148001
163 273 164391
60 751 454040
502 273 794807
103 888 915766
572 641 213677
875 477 270249
835 355 385179
463 263 570994
78 268 139491
290 495 201003
270 66 729176
511 47 84747
703 242 264612
952 286 20521
39 13 52651
189 961 427454
367 774 82160
5 331 430958
626 421 824951
544 476 867081
912 809 473196
706 893 122445
757 805 258307
720 754 51695
241 646 486688
177 665 230170
200 866 989048
948 671 573431
437 704 511927
531 1 318191
904 405 330148
588 722 448557
664 262 463106
619 22 382568
157 116 733817
639 950 911712
350 209 122869
704 288 88167
696 630 921998
195 126 794594
998 426 561321
789 322 986768
93 322 592925
566 317 842572
340 911 764057
870 803 82702
903 19 375556
855 428 807287
352 790 211045
100 929 575885
91 814 816836
552 804 15235
111 564 733329
939 739 98046
833 288 944581
38 109 343572
574 466 1735
572 500 881622
680 614 527696
189 942 812176
918 921 813969
166 450 614670
179 591 385107
110 928 436002
743 310 914784
553 151 463716
744 291 111841
57 198 385338
821 244 99464
11 276 121881
983 974 348079
672 74 422539
880 374 664385
357 475 102706
868 684 259800
985 617 918476
910 949 797864
813 281 171448
654 924 321754
997 176 329464
318 629 474875
62 828 339447
958 423 728727
880 264 132686
202 82 170721
899 230 327938
609 887 578837
856 895 643665
453 217 976928
952 927 637741
815 137 983359
98 383 151880
315 41 329829
433 228 745298
794 190 642401
499 819 980159
543 331 9472
848 939 585805
669 678 187631
922 779 964357
707 386 198053
663 58 403776
130 948 545919
841 955 766124
198 379 417899
360 933 425424
362 805 746378
496 650 148813
581 643 762129
360 407 557094
810 467 550767
69 359 309377
339 372 387956
383 61 416686
89 951 471281
104 839 831080
505 523 609307
662 716 827803
875 845 488564
26 530 709862
127 641 312940
504 676 298785
652 154 8643
580 758 238113
84 599 992307
166 472 425082
569 697 881101
793 575 313477
425 449 772194
409 874 283874
329 935 184740
753 211 609024
384 19 181259
12 470 516699
652 165 742781
59 526 929542
269 868 536168
881 735 253802
833 6 969714
990 42 882126
128 855 567700
541 35 325912
409 185 315651
494 608 51474
347 72 165008
295 150 607409
84 625 134224
7 701 346067
872 104 388863
288 715 329800
660 963 684513
916 254 533268
802 394 856297
294 898 291058
256 14 39007
736 420 110170
952 174 722108
925 418 391814
118 461 107288
381 46 393522
52 519 933958
179 988 760292
381 623 822206
215 118 627371
208 251 854525
658 642 670378
146 519 332392
859 32 430552
108 199 360503
100 420 806464
74 790 216656
126 879 351055
388 853 782386
816 9 150478
412 47 864404
878 56 261996
542 524 826189
646 508 914241
553 206 366326
375 162 757199
138 6 362317
575 875 86922
279 514 981660
312 317 616665
527 804 475738
405 170 237854
621 496 666896
873 49 641332
324 400 840127
412 343 277111
231 470 985984
233 691 645704
540 397 315949
354 291 405777
858 122 898815
298 171 929990
962 185 393400
728 296 140334
260 627 199811
756 713 883809
659 541 685592
39 76 628627
277 262 857445
740 45 676240
51 124 541482
10 221 168009
141 668 192420
192 796 373838
67 249 372653
960 765 580764
188 633 704930
187 426 703130
438 172 903302
318 741 664351
266 622 460581
860 620 977976
448 624 115324
371 940 308199
371 65 334679
444 394 578029
427 412 247292
546 72 240651
431 492 326279
717 464 383686
215 720 793686
591 433 401579
903 326 269798
199 735 557074
103 538 582974
498 867 925862
961 558 129803
254 582 951716
605 91 951884
733 401 512738
116 992 653872
752 611 427346
530 91 762876
317 1000 977287
986 597 152306
526 816 49912
815 994 735535
353 479 710852
957 756 532756
831 99 626742
791 331 180456
13 447 899849
329 635 552957
656 738 894062
758 377 840464
196 208 275980
439 704 973173
375 213 926919
920 324 735219
897 748 390084
943 119 571564
634 521 45805
96 307 172929
860 10 79729
767 653 269556
107 406 974
947 543 104590
752 110 438354
413 42 58818
747 779 982430
50 821 228370
351 868 892717
424 342 152945
372 337 433108
320 216 601705
780 530 393675
470 315 54270
677 384 537963
192 504 953875
976 469 883640
410 353 994125
420 549 749986
39 573 986102
701 364 380679
667 397 445027
256 247 126012
831 229 286615
749 627 473485
734 74 561385
698 84 832897
485 562 196773
528 189 57506
447 755 992304
615 809 383803
13 37 521070
673 537 424355
879 570 691111
464 80 412922
980 246 110184
716 121 489458
604 299 228839
18 488 645905
933 799 799786
627 59 71924
521 599 441064
648 370 966870
772 4 18096
833 230 985042
691 821 764105
638 973 728294
758 433 415578
336 641 901305
333 593 173580
203 194 998686
215 761 35757
957 576 915034
859 246 609111
761 639 491939
690 837 501200
911 449 759914
291 966 472692
871 66 925979
641 318 621905
420 450 156707
415 915 314577
705 288 925810
132 121 980382
907 6 723906
645 689 178497
38 939 21719
826 156 146508
435 470 430151
283 252 338874
167 725 382780
530 769 993364
427 397 609912
62 632 348565
389 483 833625
29 305 911889
196 289 670749
646 133 988370
95 55 347433
580 897 995523
993 704 182213
663 4 102737
952 688 559723
743 453 182158
668 655 809985
719 37 345369
981 452 749474
498 159 876156
188 44 247972
736 506 691796
72 788 846678
261 268 43447
432 395 560137
732 730 331281
569 299 424721
464 742 91920
921 263 42508
338 67 171138
830 862 207267
88 674 628603
612 360 267343
76 417 192123
879 220 191711
42 384 851920
427 946 963319
264 823 883961
172 393 782491
896 736 561932
324 433 708333
274 484 790425
404 153 237300
365 981 653902
203 586 534302
138 860 694620
839 776 284168
547 588 77658
787 683 355515
555 412 656106
453 531 521210
465 413 707353
347 270 466618
123 479 279499
21 985 922673
864 817 694487
829 86 289875
973 739 228463
545 711 28825
702 657 134788
721 582 355651
85 391 452264
455 762 210848
742 524 136756
112 661 90189
735 507 222955
734 619 987642
185 458 449183
561 509 749299
347 584 945171
464 11 152862
949 520 113441
646 416 103361
235 138 452830
126 372 584327
297 295 581819
97 347 976131
323 785 705198
624 226 372917
244 613 987536
371 578 286475
516 751 724488
331 702 169705
661 908 610985
451 332 729900
685 519 418648
779 183 233580
975 621 863154
442 548 607745
905 279 432940
81 650 186056
378 464 891322
460 215 406887
246 34 297013
560 272 669645
166 399 189815
382 603 516478
929 348 763849
690 6 419086
876 484 915520
486 431 197676
802 943 377891
600 235 825890
32 431 758033
733 981 556314
95 608 224673
232 955 551267
756 736 820107
598 824 81973
451 693 740613
924 224 525682
412 770 792433
244 888 591278
894 363 123765
329 800 795825
845 121 523883
447 845 913979
155 853 452604
385 333 901895
609 526 654791
939 847 717332
934 517 717190
793 724 676320
968 735 764531
687 474 229238
609 686 401832
183 974 408171
403 944 423941
610 113 172131
274 643 607445
54 974 939546
812 500 176435
412 790 280416
80 915 2026
104 906 288677
762 486 321563
616 387 159286
585 534 18083
479 243 957063
80 515 930940
327 900 34930
805 745 216355
259 207 147519
369 500 560123
869 444 424998
110 571 993777
538 901 204753
283 52 416992
808 358 151397
16 580 815733
216 99 586051
717 587 919638
861 165 113738
611 877 225855
668 179 172960
528 197 578350
182 229 522802
67 265 646849
278 712 853816
298 759 340316
789 701 51709
635 610 681680
810 714 332446
300 491 620537
692 383 741009
730 413 541607
921 852 364329
563 188 283007
338 936 781015
999 583 288739
449 727 785331
311 569 674960
88 726 712380
209 681 230920
262 727 490717
768 823 686256
297 135 149746
164 182 864826
624 679 229001
236 339 46278
797 808 988332
488 136 462341
62 960 212255
782 134 72927
69 648 232421
695 891 555414
192 503 169481
590 766 305003
588 512 655258
91 110 349952
243 90 924406
495 635 307774
129 934 869451
41 345 946744
582 87 69787
873 371 485392
862 857 390206
955 589 331289
169 478 797421
140 993 584126
624 883 489340
63 233 921505
189 71 506472
888 205 619847
989 16 222546
75 152 920562
795 758 629643
615 489 529167
198 924 595282
867 419 776274
319 95 991514
756 404 971167
697 429 347983
356 543 706155
287 500 213019
637 81 730595
191 816 492004
745 28 722764
359 935 706905
323 70 255339
433 73 429550
749 723 634342
334 142 730596
667 144 552426
446 670 337037
149 331 95439
852 165 806735
306 788 298938
529 433 230760
761 601 795139
223 955 555761
733 293 650711
721 595 709286
990 488 758302
781 76 97573
175 859 759135
495 979 86069
436 252 68195
844 241 488778
806 576 608536
13 318 905542
199 572 153208
802 77 151043
931 822 831850
843 487 96399
89 375 478248
578 890 37559
17 245 219297
991 753 529800
715 710 723231
335 855 779602
548 464 443692
198 736 923247
3 396 946610
809 774 307395
225 433 437281
857 879 55620
744 640 639253
941 369 289532
147 210 355959
497 219 138893
312 214 211426
944 778 315381
6 661 297994
495 833 429203
701 241 387993
832 516 754986
561 433 753562
92 935 162659
283 497 428186
709 498 515736
513 865 383628
309 268 96335
268 167 872237
161 952 658564
181 310 244007
449 418 330539
526 245 403322
639 468 508532
798 249 942617
780 25 957392
755 192 748945
209 208 261235
884 83 916912
809 97 221147
699 46 529892
996 889 921361
172 192 323426
237 630 136367
626 245 13768
114 417 595553
241 833 46021
39 451 767215
140 204 166200
429 863 391546
275 818 661271
539 777 968005
929 996 92306
422 548 692407
111 971 912375
854 607 278686
911 963 463703
647 384 973687
303 229 303786
185 695 282476
100 43 780399
514 651 967581
456 728 446871
107 572 596579
431 168 143139
729 764 634641
504 105 145611
221 501 206076
376 510 179874
280 848 695933
253 284 891894
909 495 387828
588 451 438780
138 13 421136
610 189 960364
651 402 183502
663 875 259690
525 875 585343
313 303 569510
27 659 321933
212 104 320068
36 594 304895
72 736 897214
378 579 506363
464 635 796873
1 238 430284
315 790 955958
75 331 320101
610 24 739291
752 659 448102
40 334 407410
359 784 79069
577 736 234560
631 81 984399
917 651 247993
26 411 492791
914 175 223394
701 586 30414
173 516 228216
6 158 803340
951 493 766736
554 232 965358
569 814 72767
698 953 258554
420 244 636987
91 8 94271
6 954 946882
835 591 249377
138 893 546298
986 99 173012
746 66 501977
954 360 458279
480 434 527622
827 927 173060
331 852 472256
715 550 486710
256 536 145982
147 122 946922
160 83 339928
880 574 633081
256 624 71525
533 230 398437
950 682 85220
849 781 372770
736 45 184543
408 570 532952
485 186 177613
618 581 824807
947 440 800312
426 241 71595
307 940 348255
414 376 856192
298 158 423453
156 218 404168
690 258 352265
977 310 545003
931 946 276256
820 809 627295
934 606 539425
101 576 875817
913 726 743736
838 628 294434
692 591 737118
563 861 939134
453 495 840255
240 802 694858
525 808 614492
170 705 450996
541 234 810994
82 678 554192
624 766 123356
208 653 726873
911 227 22453
771 535 640053
107 255 274177
120 245 337724
214 548 125452
344 54 410682
475 543 300243
110 745 435444
601 122 502883
761 518 102953
222 271 558720
519 330 362329
74 478 669319
982 758 432010
626 649 836566
479 756 311369
528 818 164779
29 36 670190
79 135 223691
215 986 111844
434 624 410596
813 823 797417
381 663 786741
895 241 621457
263 68 590509
592 929 950479
751 84 982290
850 866 405623
961 616 721124
886 229 588030
422 945 257794
130 302 102340
487 123 954123
148 975 238292
902 91 167559
878 177 274986
325 65 141000
308 91 523573
992 426 222476
174 26 525853
505 475 567077
583 856 493190
394 241 652699
249 471 406614
578 792 839505
131 143 895925
373 368 627813
505 139 254227
565 76 474397
753 818 28142
658 789 281471
967 12 557780
357 545 307903
193 373 697127
709 836 889631
993 419 855264
26 969 458322
993 760 631957
462 100 791523
428 212 29950
209 403 347029
620 712 647029
473 81 616650
86 628 297597
242 667 388840
437 48 642500
834 878 738681
415 342 429100
105 314 704146
506 145 327367
316 961 406135
62 875 407714
824 124 904637
47 560 190276
737 427 905073
454 446 16375
491 64 764024
568 529 994311
640 216 352119
981 101 32073
261 845 248820
389 12 415135
861 239 598653
482 467 549241
910 59 421768
72 973 255006
256 750 921435
134 626 94571
833 791 814254
307 534 891420
180 8 743438
610 83 647626
256 745 601411
979 42 219508
826 272 608884
756 388 139713
88 531 197258
346 683 807429
23 903 761044
207 325 797571
12 250 909546
921 842 713202
556 666 669780
124 419 710531
208 814 940204
775 134 111267
895 36 919809
842 644 649853
972 427 610622
529 763 556290
237 718 934987
513 331 804844
851 187 809010
210 33 806847
390 84 355781
334 553 898641
212 301 956479
687 646 400461
409 270 473193
768 329 213619
185 257 848767
361 68 284706
392 521 640467
959 865 478425
125 335 190768
534 923 270011
394 491 911681
72 177 961362
761 53 797107
602 526 679509
985 756 979417
742 551 43181
115 76 216272
789 761 955125
559 896 138979
349 960 705921
994 102 365296
177 656 526625
371 670 341707
94 553 21543
184 943 533410
452 443 603173
106 835 766432
252 329 747450
532 35 679446
694 487 491344
856 596 740312
328 529 218270
43 292 298853
846 5 966196
729 974 698186
667 502 644215
394 758 628615
802 423 364713
398 797 470514
189 864 261677
341 43 807963
704 20 224138
256 771 58544
253 388 457326
611 825 432291
282 835 58614
484 426 618569
285 562 530028
37 414 962373
138 232 122128
277 801 815973
30 946 839963
212 375 579851
799 396 840128
57 666 51215
636 203 686004
321 577 490532
911 296 668017
31 791 942137
582 129 919093
15 67 361121
734 135 732048
786 917 606837
756 175 920671
365 430 69240
85 65 762003
351 346 775804
695 499 666359
970 259 933765
935 700 398448
66 965 478635
911 420 641669
351 288 995396
168 731 229985
170 892 76226
490 224 702168
59 170 766808
978 38 797479
324 937 234403
992 630 691711
230 552 39816
