16 120
4 14
12 16
5 12
5 10
13 16
2 5
10 8
2 13
4 7
8 15
2 16
1 10
13 1
8 14
15 11
10 16
13 6
4 2
3 9
15 4
14 13
4 11
15 6
9 2
16 7
8 4
12 15
14 10
16 15
13 5
12 9
14 15
9 5
7 9
3 16
7 8
10 13
15 5
8 5
7 15
16 11
15 10
16 1
6 7
13 9
14 16
15 9
9 1
10 3
11 8
9 10
1 5
5 14
5 3
2 3
7 1
5 16
2 14
12 1
9 16
13 15
12 13
6 11
11 1
3 13
4 16
8 1
4 6
13 7
5 6
3 11
14 9
10 11
2 15
10 7
14 1
9 11
13 4
7 3
2 11
8 13
6 12
8 16
14 12
4 9
8 6
10 4
9 8
1 15
12 10
8 2
5 4
12 4
5 7
2 1
1 3
2 6
6 16
12 11
3 8
10 2
10 6
6 14
11 7
3 15
6 9
6 3
7 14
5 11
3 14
6 1
4 3
13 11
14 11
7 2
12 2
12 7
12 8
12 3
1 4
