100
1 265 895
2 74839
1 587 688
2 50292
2 40322
2 91372
1 559 344
2 14324
2 83256
2 8564
2 52899
2 96671
2 86998
1 704 -277
1 -57 -496
1 629 744
2 89032
2 79090
2 26343
1 307 76
1 -853 -166
1 383 -965
1 -597 -786
2 25765
2 98187
2 1633
2 56645
1 125 -907
2 28003
1 83 78
1 587 357
1 528 13
2 3219
2 71083
2 96298
2 34311
1 451 -733
1 850 -652
2 10279
1 -100 951
2 7031
1 -126 -285
1 -120 -412
1 -886 298
2 45521
2 8966
1 -279 345
2 94028
1 -608 -722
2 51363
2 72459
2 20935
1 456 725
2 51504
1 642 562
2 20852
2 81523
2 5160
1 105 228
1 313 -105
2 71581
2 52742
2 29503
2 57680
2 83433
2 18883
2 99954
1 -211 665
1 -57 421
1 -299 -825
2 64451
2 18289
1 758 931
2 25631
2 14900
1 -383 -893
2 93976
1 -272 95
2 36276
1 394 753
1 35 577
1 312 147
2 38831
1 -696 -697
2 10529
2 59972
1 -642 619
1 -668 -515
1 326 -914
2 60418
2 88241
2 98610
2 3284
2 46278
1 607 -653
1 469 -969
2 82603
1 -679 401
1 -782 -840
1 126 315
