200 500
145 50
4 102
136 55
148 34
182 146
29 186
153 19
41 129
150 88
33 186
142 74
76 41
175 199
6 64
121 26
56 103
199 83
129 19
163 177
3 21
187 10
172 62
44 131
192 124
23 144
48 75
177 2
29 51
20 96
57 106
70 163
140 157
5 74
104 98
101 113
19 108
199 82
173 9
128 5
100 110
135 148
43 41
136 119
179 32
125 131
137 101
53 87
128 170
24 109
198 76
71 145
134 130
74 134
175 65
191 53
181 30
73 191
128 55
183 93
26 189
108 58
172 122
39 139
183 41
199 121
174 59
158 122
43 172
76 98
23 106
190 121
133 165
69 17
186 160
1 187
56 57
150 163
65 114
154 149
56 77
140 14
122 23
21 159
155 89
3 147
138 69
142 102
58 152
153 181
145 131
23 6
185 11
72 84
112 74
77 19
31 91
61 75
141 22
91 51
110 172
159 173
34 55
132 145
49 168
143 154
80 156
4 15
117 137
160 177
172 8
2 114
30 37
88 21
1 168
40 32
179 7
103 178
120 22
166 105
82 47
50 40
66 118
166 155
36 108
147 66
81 1
185 89
141 62
105 180
176 197
5 126
134 84
18 9
146 64
184 13
4 12
13 152
149 153
8 173
160 123
26 154
158 197
30 63
161 48
98 118
167 74
85 14
141 111
100 13
170 190
45 139
93 189
34 121
4 80
194 98
38 71
103 57
154 150
18 62
170 135
126 100
22 54
81 95
33 163
46 143
99 129
57 109
94 58
64 169
20 158
200 48
120 84
69 96
26 35
146 193
75 112
19 93
43 45
172 3
102 55
89 19
107 68
79 72
96 22
101 182
195 60
152 33
192 17
101 168
136 167
42 137
74 72
83 115
180 109
135 103
121 10
43 170
48 107
24 95
103 20
54 76
168 140
9 92
38 74
69 134
130 105
183 99
144 12
66 176
104 66
141 155
51 61
173 62
190 100
170 90
19 11
12 45
166 180
162 27
63 142
125 75
120 129
79 134
133 188
161 178
149 88
197 101
116 16
7 127
53 188
144 137
132 44
110 175
10 124
196 8
105 10
110 141
99 52
91 59
150 153
120 134
4 87
86 49
23 198
2 80
150 19
63 58
197 111
131 40
144 14
132 113
12 39
132 112
162 27
188 91
144 69
71 44
57 188
152 29
171 107
172 181
178 39
27 167
177 93
78 128
115 192
81 114
157 82
84 196
123 93
3 23
182 6
41 25
139 46
92 137
65 80
49 112
52 104
44 50
168 109
156 133
82 180
29 163
94 30
51 49
88 42
92 176
88 181
43 5
55 90
69 120
118 25
107 1
147 106
20 172
141 186
175 129
194 97
10 17
16 132
15 168
60 73
142 138
42 63
85 157
165 31
188 174
106 4
73 185
191 133
130 82
110 84
158 21
35 150
194 145
77 20
151 158
185 166
25 107
118 159
36 11
86 61
25 134
179 136
94 85
15 113
152 160
126 184
125 48
174 51
47 24
134 18
66 21
102 69
106 120
145 6
163 123
135 77
104 24
28 152
131 177
119 56
124 87
111 6
141 7
37 200
113 85
198 183
45 153
76 99
28 67
78 129
50 93
50 36
38 16
14 130
5 190
67 29
126 86
62 92
108 28
90 96
57 151
25 31
113 140
21 25
153 42
184 110
62 117
127 45
173 176
187 192
71 145
54 183
46 121
80 191
41 52
147 144
120 198
136 68
128 155
104 73
137 15
197 15
29 130
190 184
96 198
63 200
51 130
109 111
35 149
39 148
179 174
56 46
117 176
93 65
115 10
131 36
122 146
58 85
151 172
112 173
6 193
178 45
27 119
56 142
119 21
123 2
98 21
136 167
128 98
116 71
105 47
141 136
177 87
168 85
83 179
31 174
81 68
7 21
5 169
48 102
171 81
4 161
97 86
1 116
72 18
90 146
193 115
148 194
25 49
125 78
159 171
114 191
34 143
58 67
80 105
157 105
138 55
39 166
90 120
53 165
122 124
25 81
170 126
122 147
119 135
144 161
37 142
167 56
169 189
160 117
180 95
190 176
114 156
32 195
42 37
70 125
127 94
95 182
11 58
45 148
59 97
68 33
156 59
1 31
158 3
164 162
171 160
156 53
48 138
77 57
110 89
94 164
9 117
167 135
143 35
31 61
111 146
11 28
194 66
13 141
67 33
131 79
65 24
170 144
49 79
33 91
57 197
103 75
39 26
189 187
35 88
154 187
13 175
68 38
75 79
129 194
132 131
153 62
