200 500
44 38
198 85
69 167
74 39
53 125
131 8
17 114
23 181
101 58
158 133
145 68
105 66
39 49
33 149
42 129
26 124
185 101
94 159
157 122
58 61
136 71
176 189
145 114
118 113
18 138
47 5
191 25
111 52
2 78
22 81
113 176
13 169
14 41
196 153
55 191
67 11
132 191
108 13
121 123
77 56
174 118
89 154
91 174
79 184
61 91
85 86
133 93
126 134
142 81
11 103
86 188
12 181
157 174
76 71
85 157
127 26
142 152
107 154
32 90
69 117
73 180
88 45
198 103
98 91
119 113
164 109
54 102
43 198
19 166
5 132
192 151
200 95
189 155
188 52
56 50
75 4
5 36
189 51
65 185
101 60
25 125
40 52
31 143
122 168
197 54
42 94
167 198
10 100
104 23
171 193
61 177
84 190
171 64
151 57
151 110
138 170
75 57
18 40
48 67
159 166
81 138
162 119
112 136
43 91
186 162
77 172
123 154
45 97
143 18
130 154
43 176
109 175
17 40
191 65
134 91
6 175
4 158
90 142
54 61
107 162
168 120
147 92
64 75
8 183
109 131
172 169
33 31
173 90
99 3
51 195
105 190
141 12
27 33
102 28
70 47
126 14
159 16
161 166
62 37
36 106
35 148
65 112
31 17
58 178
114 180
63 100
128 193
69 200
80 196
145 83
125 54
97 2
160 99
143 178
126 2
122 59
187 132
147 197
100 144
92 107
38 157
84 31
177 133
177 155
117 4
95 43
22 152
199 35
71 117
90 33
182 42
17 178
81 180
182 93
72 190
59 177
60 71
190 17
164 110
140 25
89 114
140 65
161 182
109 143
146 20
88 133
129 16
56 115
185 186
44 193
59 189
9 153
170 172
41 151
37 99
181 80
49 46
25 112
2 41
123 173
83 89
58 102
194 56
139 73
1 130
114 146
184 147
160 189
190 143
175 68
99 59
96 197
153 157
165 9
3 34
131 68
174 168
99 163
170 13
166 22
19 124
181 165
96 187
125 88
83 47
20 134
150 142
39 20
155 29
68 183
156 105
73 30
180 108
49 64
145 124
183 82
179 108
7 80
34 31
96 5
79 82
68 79
30 159
146 49
111 128
34 190
162 160
113 59
29 195
106 24
78 151
38 91
83 96
25 189
100 105
60 121
23 7
25 10
173 27
37 17
16 178
11 85
123 32
15 183
127 19
186 60
178 19
70 96
40 39
50 118
197 58
77 135
199 137
16 127
95 18
179 163
168 113
67 77
61 28
121 138
28 92
103 74
106 147
169 137
153 1
46 134
86 185
97 14
183 184
103 86
132 140
4 161
154 160
195 111
83 121
115 70
55 15
30 6
29 188
152 138
72 114
135 8
85 74
80 9
177 133
169 35
101 117
50 45
108 172
116 48
87 126
149 88
87 97
139 143
144 69
45 126
41 164
79 163
17 171
160 179
74 158
109 131
117 57
110 175
24 32
90 53
161 133
45 29
186 36
32 27
163 34
138 108
116 198
52 171
48 187
78 164
141 23
15 139
21 104
106 123
134 178
176 177
36 121
66 200
64 71
140 156
57 161
47 187
72 45
43 11
160 174
18 114
178 26
36 9
67 5
122 118
166 150
26 166
60 106
6 116
82 54
7 165
61 89
179 3
21 141
145 16
25 27
187 114
172 199
132 25
89 21
92 104
104 12
37 179
66 167
112 76
65 10
144 66
160 22
188 128
27 53
6 17
40 146
175 8
185 79
48 184
14 164
70 178
29 178
196 107
36 126
98 101
5 192
193 136
152 169
54 59
92 141
158 182
118 120
63 55
18 128
112 100
135 120
3 84
53 89
125 72
24 173
77 130
194 135
93 129
192 191
57 158
124 22
151 109
80 188
30 189
51 188
134 157
86 98
53 149
66 110
38 127
106 82
54 38
102 89
114 39
183 153
72 87
156 144
124 150
28 21
16 127
110 131
18 170
126 52
10 76
135 50
187 103
128 64
79 166
194 147
115 83
180 170
165 196
133 22
24 128
74 98
119 62
24 1
74 137
13 199
120 176
101 36
33 125
5 169
154 119
194 135
33 184
16 178
187 192
187 159
76 156
191 168
135 115
91 122
15 37
192 140
144 62
82 58
140 153
10 182
83 199
136 75
98 186
120 59
149 72
152 180
9 107
167 11
145 70
121 24
105 69
130 162
88 87
163 84
177 51
100 188
20 44
8 79
50 145
14 78
12 7
93 94
198 117
74 185
46 44
61 19
89 92
133 42
166 108
