1000
663307074 993786080
572589547 762227829
392826689 613084014
628984382 785866096
177905369 832364260
885164573 357329821
411999903 681690683
847840321 386381017
989696304 330318835
420425053 748526815
220059096 817693390
704672740 927530479
979580408 391779415
117347525 456863896
880938199 682038126
428142801 966503496
70161656 542661641
750769231 717390690
373771612 953838289
433348816 433114787
860724918 791932303
859063397 333772686
712694938 19140172
893897083 379213019
638293141 127278513
494923775 264549125
183843308 854398125
914662963 336862768
729352678 741463147
989747991 982581138
649175883 490869222
647911423 284387167
863278762 215802237
588150192 72263117
685423363 564190580
664295307 619868737
830544983 47116226
77564724 437517580
701070481 968396049
665446720 57801760
725418771 18404493
681823793 211333608
211550818 112302972
305936786 211070559
485683713 804352170
984117472 857102414
610613671 337458712
13384725 854062218
655834255 358191653
464037622 614297262
848715179 245677832
590138439 49212343
833220246 596367149
780117965 693375966
329959528 910994574
957144145 229405481
656489208 194126354
568090821 565554631
567416831 198628727
832494906 711501589
54153333 801402069
531136662 755527024
790809629 626807590
488751711 965067806
26375228 864350395
560814639 523542918
582319430 807648188
702444539 782619050
378610967 788878492
599555787 857269084
610932881 692204092
276260521 281083466
71713296 761021240
140113106 63243153
970265762 182659877
339350525 880446977
84208997 206014004
471865559 580283318
894991718 271708248
942297503 57606084
595427793 161017479
458547545 374972288
651109314 769837666
946112219 973579759
999674173 46011384
461649453 308705212
795730705 167036028
60081927 680666685
495336833 372910849
408497769 73453884
223785503 378409770
705622549 726776296
691214892 645276437
283107225 770278322
229515164 205644912
146171039 519762399
420773561 658388577
461274570 593587399
271516195 171504846
237773443 763856959
904818319 358362277
421927354 670408230
208877361 861115509
818974854 670979892
998120270 448316746
170824558 770847695
503810505 667841562
749101297 675573325
345392985 42277381
32466210 579783785
644187366 206287348
688597243 469743399
329574368 819523468
586392636 338370106
838379140 432069692
938446554 385144990
241693687 984895250
327789616 957643717
472516680 622918996
407009264 683489840
408244003 154693261
669655792 880844105
295958450 818829473
801326288 254167165
413843858 873072248
760593155 92160629
494751628 745215402
3090245 367754744
92112291 903297210
295504205 527985133
566034580 879954114
638011116 975269269
417425320 149830599
39885397 922171931
541463940 624015615
406717195 209977171
686649779 477076785
122067183 716182337
260946874 323513396
56105860 527897225
849123483 769854438
228137179 381881873
574417830 352607877
997432377 297175901
622737540 110556436
730909833 919585636
722672740 163789961
543122080 827132365
634536294 721120554
691740165 46410910
688380736 601762203
532861719 318110612
17012235 159647581
159056678 500268474
86256731 982693875
937638158 697184459
786969335 660639439
524972472 999101538
491294666 789404114
774937854 22393977
188196699 849035202
207023051 174295017
254528770 807262914
239254052 695553779
45426261 763281689
679275203 858159814
473150724 494950692
765137855 864561722
435984128 722874145
329542778 807820897
335890205 26905430
742174393 457715536
379109458 850636025
676709332 110012495
842871739 182429060
87162481 770680523
16475117 974521570
321331883 676685934
708274347 922220235
208028673 168494770
734712824 211362615
114397000 84062199
171221434 590603970
689897361 979285059
434526690 620059514
639572213 263636647
991067366 981763218
960643178 63210632
462383924 244195222
730756716 846213414
446355060 352508142
914291170 592274819
495712607 507969866
799467752 208493419
79323337 79213362
72621547 910794275
697374454 710113374
146197291 387518406
293155219 623090439
406568385 29734309
165754 868211620
729178188 980134652
262575583 63562142
579690896 590783395
123550995 907456228
700120478 427618368
298868263 560556518
603620711 984182751
308232134 167415721
740364357 986331374
7545448 907772026
914206507 444874801
321467205 522063457
398981202 41524304
823933297 713199218
346188491 13841076
811841567 647290017
60744504 95779604
815472011 850101345
57551193 880665325
818014839 401672700
859962838 468199499
669125355 452820543
426480225 508037595
186539667 12903604
533367206 724422673
916321790 197307547
203493553 78898064
456401702 203018462
94630230 591284703
686865015 561553314
842306693 867723621
169614936 448707989
238442798 950235341
647427997 901803306
86361621 239987055
538432929 199770582
469035793 21873595
456487085 561494896
586985029 812140417
327982937 111985670
766504019 992563692
679521132 345102556
302277739 55517048
761888636 942045497
526755096 393835526
888304664 349772489
26537315 834500261
387384745 627589269
634983640 354949636
980936846 750156198
232018016 111122930
961821361 578238212
29272320 748186133
66483969 431837447
740224086 567600316
427675536 41260288
859930183 428413006
130581 691504107
43897315 728357839
659932706 466034329
774149147 490142301
88469908 345072010
641164922 562288216
660040052 481127178
602915292 548806449
228902963 96109345
493264771 628220250
723200872 920219730
828722365 389956216
800463770 399202755
34685077 155376173
156929062 115639467
244883661 861383307
666590607 438872921
175884184 145847416
216195056 711503208
883564102 284859245
414918048 520011865
363811065 75228975
400907046 663946493
231771137 175554419
885077909 644336341
942627654 507142052
288542158 863667578
580884228 861208334
92102200 723933985
997299599 301714931
520086202 275610417
162425881 785376603
116545388 819963768
219896365 939563960
965993468 155906401
756425390 750763844
175144766 163091631
46945926 709403856
2433983 59706772
254756797 845459463
377651897 132774877
332773544 213926603
705118514 67592010
784597146 553190573
453407681 667300706
563823515 614459777
991188065 406430185
784371167 433439855
97299508 214317233
871898007 198703752
769545496 893860728
386935155 765954928
232531634 753145693
569422963 710730166
976942241 60978604
777440441 987705927
260307181 107839248
317871022 596943235
340301061 307476695
348123400 940104207
312308224 982554232
46485155 273365489
451474907 344240079
365407762 739554267
95443861 689608866
966561321 580918884
814490764 632336992
288628683 575485119
295805913 37081880
939946969 346394349
950862676 894267292
53590482 150137561
459789431 533560918
951926550 535432484
690863335 852837036
608724073 368935144
181721637 645695408
403334161 555548889
707186545 22576093
472407763 79097210
627561326 203580163
942384957 745924516
575541535 411907779
791183445 333260764
223030821 852782082
563675996 525617133
726124645 658212288
664490074 437863022
604148771 486307672
768744536 635671106
137132983 420342621
406483014 801169130
416756466 191697351
81866967 280856351
355126440 138790020
270206208 690664051
609637014 290604264
764751418 562309510
268947674 113811392
107808576 668281991
199386662 140395124
373683373 728492415
443342809 138533160
549323514 130431611
703311449 163983151
541460420 415965470
750429265 372510014
718229962 465892384
591700511 18794771
833246784 325287503
100130909 413494387
779829205 416739211
669742992 551345513
491543934 823787813
32796251 109891496
67075527 612885491
251692592 830994145
164542503 248636996
751964867 72794625
760624729 29287120
789495740 59501989
974448856 667169561
49208977 627376277
560637529 660738660
28576480 614593758
746419440 937633255
341012649 831985336
165622115 662235718
882812598 368704536
265395518 319379179
637964512 763183909
325845007 368779112
985045641 330583347
656206262 424146760
868838279 817331803
363457998 767047666
192251970 34030355
571736162 659501911
930790503 424697573
977467598 107596960
469384373 454563820
428747956 246216645
480210824 820211255
679670177 77299525
250810873 4610167
758575351 771459107
555828168 197115343
432504522 286319693
806195788 638076634
631700843 365679165
274831439 484471407
189854784 74820196
1713097 574924221
685097646 281598863
336688565 470690646
29592558 686385320
306854074 610069706
238951986 563732030
512615133 422331487
118534663 375673342
53028774 822261942
14405656 836680981
249558966 542986496
663667471 284700143
623188969 489295046
303139272 901304976
470803825 198016419
559785275 730824919
28416727 719457203
782927013 337502850
721867659 495241146
433756915 641205609
594204194 622823008
38372579 897789363
252012473 672907311
890844483 865880335
881489136 995194213
518109596 683531284
785247750 582861387
201066750 514721586
916738850 786892735
296417375 319424816
618312174 175590566
950629973 505655513
572311288 923159888
330785267 908463564
425469327 579991058
499941414 633637326
593282223 566096352
447434674 466852130
33812209 155997761
365035649 731936599
117303448 661932840
418807545 368764048
113804161 909186693
938914564 830162159
602811047 263798127
244155042 395983137
284696683 182026507
673965032 476084225
977619930 234968286
908705908 355756363
115470852 532803556
334677550 73525555
675786234 36050764
600962340 988919875
119601350 229821644
741339102 751316592
967987536 247165891
206644602 543006156
845211352 468107572
626837014 699856918
441949926 731745767
891436448 938954819
102379478 935910738
912506728 37724538
867933640 18299477
149052946 729941139
243341712 610895288
782594983 11796757
384604557 603690870
958339855 902419093
524542575 560455122
668250240 54164181
214924124 72643684
554782738 349032072
893652216 537867110
142117377 363579345
577714621 577758653
850351457 291386916
335743201 580470807
891573254 491978274
275463594 112624755
475822350 306767837
122896726 43392733
34584858 217928588
812752909 757544012
301334994 790909003
297133831 91064642
943374903 718577412
135519630 243995016
160366716 786075538
948513254 183804820
103878485 568651001
150874652 389457124
774405661 671774779
287414897 810133254
81785362 180285144
674622434 286245146
560532034 439002000
269779541 461041873
25686972 461489914
743679560 959680119
207081550 935250908
977725080 296037893
535068935 330231561
738239684 935913550
876591741 284042412
972468606 977735297
739476206 407454981
125994945 666659014
598886253 932379732
563924996 276713427
923565964 879536812
195757264 339296789
543644034 562539449
356595522 985972652
532338245 914159548
878615998 893775535
490816924 138638269
464449890 800962280
301393833 471070676
725264261 697456181
608538284 141285186
552013545 308051090
394608945 845071680
56720291 686952954
627642455 656189939
337234732 520947103
808722286 82872408
286905375 587791348
661827333 152308797
813279562 332874342
898597377 319475887
828328803 845082344
181640442 919744569
856821154 289252655
406794940 800616167
600718315 772186220
198495475 891386798
678877739 358924697
259672836 374432008
921336348 346155369
574534565 652752261
16531718 807932735
398823141 482572343
935685453 249174257
924320753 838424649
687764304 564493134
358736333 998012391
671623214 514962251
628583793 439826417
248502984 136868649
798072658 246679356
382899190 275966092
939802913 219534895
154403720 729736037
321597072 729141211
600036436 928394156
515806638 711665295
435022497 707212493
834487672 52752320
275961444 678802351
317641122 726129404
351356675 27376696
184404347 555801897
343470497 827180676
129412811 952462347
351590409 769399024
55888289 674961257
161956964 97442963
984418148 993718933
687574629 545565869
224724894 858555644
536464646 204164258
767694360 987135422
916861973 597173575
400608397 441019859
183881386 249683967
228653286 263806186
22272635 617177359
573553628 376945900
934052749 200613801
618163165 526837378
849073276 941796156
358634043 924717943
124836643 762860757
327361944 118611001
941660101 615764818
309800530 425778749
901279590 38926055
490230350 295434589
518870550 449619529
340794660 860760334
325025541 723965517
237533502 797927352
137063996 508567561
323454330 668373004
458252078 557099583
24914723 483157963
364081691 972043345
437501627 846862225
767580879 782811145
410809163 371244688
504367554 680487027
73972553 533282712
978339599 772424148
285206522 107443828
511399779 367875035
547040019 369644526
51479404 239081186
486082354 448176880
948365033 981201451
116842881 937145935
565954501 704613389
102024977 91701433
975319747 127925121
669438464 227788815
511242788 877630112
829569368 427220147
943085904 965465446
830719768 742350365
484980475 926544885
348232014 263998663
347229149 845274423
306595081 859623858
588921780 92561370
343468036 515843859
243091763 653953240
852823876 900060542
33488935 1636622
138687212 104474360
380798090 218095747
628143947 683931797
290680741 554655672
377644214 673184837
280874013 548968614
961053182 434681866
884202077 584698864
153443468 592651210
188800351 280730061
13908260 249893630
820507937 457517907
571387278 334774538
21092392 792563053
92563136 990764692
536037181 467078923
263913184 377026469
591500702 681377410
600977428 440166126
748137213 359978280
249611116 591260560
345100263 211286631
80074195 779797147
944192957 195406127
250391944 346408204
580329525 119864819
572313935 103912783
440874341 706251462
95248117 139988968
168881872 341980179
940664547 37850677
210318418 262498695
440203689 793788550
929936962 228647843
852507717 984943206
810677071 728231400
724069795 415149825
120592760 261439508
600353462 238062549
990336821 240125174
666445859 338587025
797176943 390951543
325816322 255312034
850329740 685988106
887466666 510998272
348304986 868991089
92665798 923541798
40688086 897105321
70312951 441315259
765535630 478064441
88289076 685023451
683957137 27405499
549406282 823666938
120431518 675099077
603279703 938359933
827548378 392180296
781730525 177242246
671607722 482095316
599364312 489597234
438533277 760692995
296503358 10135788
718919078 2264658
233240266 888107410
338284674 250403101
367367677 873208210
758133322 651737923
941873991 817829312
32308721 513397650
147758119 235744973
813250722 268617170
89638709 914042618
159147323 322624812
913818767 891262673
926997249 153846763
469577477 282063807
439136209 532200750
384535282 30821928
957605866 923984897
96123479 924404245
841364587 980432630
959485553 761851157
142030408 853326242
238494424 16132052
266654523 403599771
39550471 247129392
745771000 175045024
762426497 280745230
877716384 589534287
966211509 182559865
734745695 261803803
295109832 870930648
528909465 227370487
578042616 55063048
943568283 833359269
289894793 335966928
518432888 759768701
712717706 949486910
922186150 998134353
507395197 31089453
657097595 644899990
429966100 470129130
812289081 343099050
760746313 103807492
277339959 861596364
983188408 309023874
701293106 80841573
78209725 304774389
779482940 889279394
484444950 291966265
889486356 676055464
295487135 677433220
42881659 415956579
948026651 218749985
924547324 565206845
203473470 216924838
716641710 899994303
38516446 739833776
125025000 264117590
673962595 575422196
980955569 281142693
278409689 276757021
357715626 192344744
929670013 742790518
840339557 766609561
840264365 897529953
216464415 475529504
595521084 984207858
528427084 873790504
938179638 144877141
86304094 152007369
110803335 108579384
466512537 500549204
58222081 991414139
571762946 433200273
76739608 861216535
394469548 537774173
5548206 975481346
961065961 455140463
63525476 417372918
627592755 59850286
416741640 977805875
242425736 702931595
459766566 346614388
698485947 555694208
278131796 855184025
575385309 274455297
342236729 208935188
497378630 42122180
189247788 775295260
943059618 550370002
810509807 637186445
154399918 344834360
477344788 662859705
242955772 37395409
79533854 586740566
781852400 126854160
630501474 35234409
184874941 792542844
961337913 147345280
859659044 936019196
403082697 861076854
367260157 602618649
373292492 546660018
994077940 124303711
637697078 244486184
721523600 481546592
805655737 464122811
457262003 788555405
649744310 913776000
327549494 407813418
197019815 256133656
925089534 975992770
728191682 366005624
642603232 976900988
153943174 395745880
287409258 852475461
228566651 322055176
214264974 365197105
146195718 689385486
796636130 339383075
701330569 582692791
492344649 462374534
824561654 74505149
543423261 990067280
818433830 255735356
219191978 704580877
596789742 295501849
194506858 433472072
299518038 229489432
841101090 923635559
385966713 237510993
995496483 134603891
438653460 232942126
445891171 823949510
818087116 71359068
465892410 224077162
762367120 887526563
478138653 681015588
174117996 494204702
66838670 918760908
7550551 24812181
659071122 646560403
469879336 995347606
827974456 292972462
697387743 469444933
980676653 136325180
909313555 957610943
289982431 255016070
195527695 879414684
633475587 364909842
136388555 758394993
558729481 705293706
910198554 779434189
621360940 335802900
793689155 317407323
710187764 650991265
775246891 304754961
529650829 651466557
862828015 810143124
853099717 401812076
378601639 283289034
28137018 639006093
697867496 289224219
725441250 655884285
979278825 373617863
542669361 301777733
896045094 523318763
667433646 667886938
759752995 147171454
655492769 233195706
416976212 155376684
148988942 592887415
73010544 969558408
699988775 257883192
114849116 917179232
256682539 336509832
869015766 970341538
620496277 353373590
453534758 615656107
383390971 183550586
645413547 788113121
222045759 966792901
817614075 831664909
332233243 15819197
322947451 756440991
377694099 283153229
908091256 504141530
40528491 378581486
242715111 71915807
629642091 790586893
200947354 859452530
270260183 307931443
159577331 258270521
734639058 276815416
314049299 231536289
680321741 729514371
96691673 637145297
572039485 84612607
329510200 55500150
208811355 746089332
467744617 895592963
114722311 799891774
662902476 423386580
44994105 550531511
727012230 418269032
897678168 816910269
141406403 489574800
36518562 948840284
853632369 803712242
192729472 730658275
770759727 47183595
254213011 377660759
170969997 230708145
29730639 721708503
942868484 481768840
312974080 141472248
585639263 970375907
564114687 919556965
563012271 713308552
171837304 681763362
441572106 286528666
598402350 820725741
902153523 353081497
827173765 117961633
511851719 197780030
505673606 541823826
191142898 918651806
569880440 751410769
710315350 152552705
625505591 372053996
344548704 387151327
23553188 295272531
68046918 849112412
755254578 324509789
445389487 94005824
107408567 216186662
90609516 458553397
344026462 622483783
892732792 725108582
84483856 848916823
807684389 844796233
342453280 864861617
591344292 539343172
799469548 223757749
865880088 488842189
671973097 111575435
471478835 548036443
430778070 354832583
187747200 434959718
235522103 757016185
970642780 73459478
44921064 853235561
518546931 4252399
964643731 185516863
46156461 276029768
134293140 932456932
204875340 814131031
46606657 5843157
532813766 606380250
304834208 367567023
675514050 652295389
627665855 658078145
582381311 938510697
208956992 155515211
199673447 148819527
16902634 117265843
884275404 257990667
173026207 112055229
545463686 658936111
992914768 526042050
833637061 96078277
245562923 970455917
260437938 171377190
452815877 67358161
896591797 707376094
764776990 402891443
417942502 211855486
207319888 842926915
153751197 341889700
996017972 787913029
6443657 618859218
822967488 820700377
767727761 199880990
685315521 389642413
993536938 209549215
904943608 297325299
665653501 415476769
172067763 793575720
960110258 925109561
747711673 650156471
449513228 560234235
450603367 875194016
429939431 115853911
28525175 948639782
293899229 316073300
593990379 754808583
104198054 136325417
794224447 805426617
942984939 516966628
800622077 663653934
452128505 678813317
