1000
677498890 217797612
627353437 130555019
239538139 788607898
101452494 341521487
28397225 191922104
953629528 528974646
941908070 80396843
344692722 746762482
101183827 435615503
867396071 78419111
690305692 365759282
989761737 598420334
958509008 68204182
285550486 368587987
689060398 608970995
701198893 866857816
332902702 606819378
581720545 425924848
74412245 58517747
313700167 912953732
149621052 807539464
129094288 310179698
712683838 391328248
294761429 100251656
417005833 308112765
216251665 699032589
598939057 307791878
406329073 22607417
164725884 302684470
429013863 788023225
587544905 226685539
75417542 34452652
941806745 286763288
218157959 617898152
680992177 106597267
563757215 234815797
7663041 929894727
959323918 616662096
752683844 444266843
489436144 587079914
817982037 792195882
581415669 476595559
727999856 739497665
422694332 56877600
787363606 109150053
828467279 293343201
34247807 611121162
153950661 38530667
299537138 860640732
954895821 566958835
521236352 196837050
23564623 263352481
626937485 790940086
151114499 628992275
433847645 654140822
508035923 515685591
469778440 565505366
925310765 179237876
185052307 660002980
924539622 977584738
57257344 975938659
455398840 59051149
960632525 309801769
848264179 72144342
468895983 297622976
587042618 355537682
771230272 651555752
770934860 702314761
663880020 286261652
81162697 361804024
733135534 707580905
248113238 256269072
476637775 734333250
161536338 36570868
434996189 243719406
48248124 564487743
702430495 653698416
233789513 994188028
459934655 801740030
904118686 998866476
836463333 197290499
507953411 465268804
507522534 633758622
120889041 173780908
752205884 880544801
694584239 749233473
169280607 885572498
453155480 352935123
327230149 497527853
479947473 493187496
126541220 314931424
419302040 920118007
750852757 616895949
743971029 743552622
804051301 295679180
393675455 285816493
37819107 771852774
629845572 275439561
251661400 853561819
402471882 30126538
524476852 415129757
676468348 685168940
148703040 32394707
455568071 735870306
927833096 341587287
963461419 577085262
144570417 835940792
550544453 782058955
570985932 726900921
403186489 975470116
882334739 194822608
9205971 233160345
91253900 668699816
100068651 973899489
704528793 586772383
351351597 260623523
263262536 212040777
914316301 568463356
277818325 5421035
2851633 438482940
354085262 458417664
72940672 663710504
664369655 894148280
904216437 320606202
370340963 528687988
471103934 307696988
180792506 389494091
240165521 371429169
264908178 184324489
408277684 796694221
412663354 649166378
844698255 912926583
91640781 482020451
539314669 720110830
69428955 671171866
997076733 504069089
929507085 425807209
188292579 799192182
325777510 456545567
484203866 511918276
426828682 688863038
334539310 119734104
295520546 676678270
829886814 5568436
950025023 51610057
512029464 722953931
259760479 856766653
857703766 344347527
82310354 404458029
850972620 606378308
742506901 635019424
802585936 648725586
420127106 601083601
43764431 509575286
100857231 122700845
879711413 220099945
652826953 111876952
883644189 539602776
278330088 173804200
798798871 968095074
378481996 698054312
202711901 199907869
338879076 609637527
899984568 503255570
146435657 598688487
701248453 647352892
525208287 116116926
238499234 683522701
950018560 945305976
240483217 989374570
328635996 7286563
821298113 170831658
346708549 469049089
328480601 451090074
481359333 818119946
41598585 892280188
272536051 783278951
593319704 967933955
257384041 721557752
151231826 306881112
620036932 440142287
861216170 659725593
654590189 768100787
240944122 150303701
848825040 722433694
360768899 840011665
95302637 464445247
567404645 458581318
371155388 603723129
887061172 589597792
77359155 154390242
472256088 331069760
260699731 27606341
653317211 360444859
683923834 300288801
368942248 930247578
970524764 371357223
216932426 364346136
991477725 317798335
633755229 560975719
361413383 188838276
311740716 919099691
418554215 14619075
418452286 99624189
745949694 105479681
483317498 559931881
706072469 840296306
250512174 65531376
395502866 914375042
135039322 113874567
97947590 80704080
648512118 760972054
606598105 708027694
105841234 860639099
610854461 762856739
194081412 347858564
193743654 811610473
153053543 33691256
419364698 789898735
652846185 74962319
574959553 156102615
434401281 118045813
337373223 573332473
145509462 137296587
33269524 93388127
808600659 502758310
597140760 895610823
675523418 828283406
886434452 310373924
253884854 453226880
706710433 804355357
428071742 541660781
90538821 554032013
143095877 39341241
70251629 654897921
136107296 57188413
374224641 838331453
315884145 537136965
826860158 897198520
120221864 308257042
768633486 413459995
84938821 229553241
718401706 233937605
52937956 25676738
805801398 888128586
763105845 341479018
427811858 828414191
692019985 163526241
573661687 553656112
825482262 647833901
198111337 166721595
871122728 10201157
226696960 646190194
706074156 665218967
828583793 263376365
424430947 488009219
311874192 876016374
801901541 69818846
4145403 166810763
298874802 706862960
833065985 463417055
764726388 21006710
429499127 190569433
931839336 122662304
567670558 102267795
751724114 808275220
945908701 707271900
481243852 209530090
845621148 974227895
211019707 826925741
632969738 126464474
98566530 952810208
250251385 776714032
176766477 41941879
77788713 505333335
909098990 753542234
434322172 990293283
124420789 753560038
146603774 21412633
465600977 816875371
236409149 449606645
916524802 352407471
688974116 77452836
712650664 2338153
464569778 53863243
276038143 85053895
350200484 126877886
370040735 838412520
490963158 634939913
995705389 217122915
51317383 541654379
595930890 289464255
841188068 991464022
28182688 73076473
461083570 246744049
555777370 292027649
496972519 772782998
719880407 141605436
563905373 734030164
941762376 658421507
593218609 235642477
13965342 882663459
67418511 376595929
788959798 729302364
927447645 55526594
826761999 459453922
179770170 922324742
712914319 120609503
287654485 123597753
772433799 500837359
909429389 946995104
884175752 122476962
208279658 500026294
434338679 893566461
594995686 689347499
592765562 679476473
160412582 486898784
664701660 564323587
943024478 315262572
502671640 986728315
893276796 352739994
437071359 250967861
427542559 878378601
914727055 777355514
693045935 410008714
85185683 712247304
402433651 658173286
357886001 453929102
617827301 15879062
136837931 696576561
13004513 823501417
956877155 690769546
385778172 719199329
98232342 434303910
1700928 706992054
339344330 861596804
882293428 606927057
114247425 236784027
276725590 754901202
991175353 700361041
827409700 504973323
163229801 339975301
181268505 531833475
682427103 710033670
207409229 748723829
831410697 528295449
941258309 863004366
94577487 64953591
943921861 364951474
944696932 591482188
673285099 537139447
720334243 858652090
870521791 153823400
578504060 108903508
991753894 350183299
514466700 753668899
927264729 535930748
709267729 957852325
729761232 954203704
672793398 55845960
584444720 202576787
454184113 290048244
727059101 484470810
749906253 3263870
410793989 775646098
409262108 413551414
203741735 537282415
971519705 159402074
615303478 851815262
598270910 413183136
449511664 400099771
103334862 658242992
403039312 343698459
860691491 118108584
206047931 858293188
935010767 428009878
316762109 97954352
417084721 63781889
730245589 297180046
408252267 405480801
59758430 313083201
992864687 26163874
923381100 818656863
906192626 535562662
126815319 14451251
414840152 687428032
985524899 278508731
954475539 317670457
986671851 749801258
137630174 405180110
113716973 836549223
8249413 709277744
709568132 804075405
6019127 818250883
394143649 991064169
556682719 25553887
717282849 53126655
282771965 832327378
481470943 981048070
780162100 862980829
503304531 329397351
815933751 912527090
434198451 775091137
297476356 74842109
141640233 940404712
243994411 813102424
330085669 18798946
390935347 568279892
90755507 390855913
314579077 980522935
415632981 901673963
823389144 625987641
565696758 456320269
662388990 222289670
277438597 696518308
451942886 414399295
903457624 125698874
637759067 446575481
821153570 407391759
688300588 403418172
928233039 850248598
299554561 754128005
530262415 679324659
555127323 128462916
258395737 59604868
991024782 251237599
315246604 460665685
51459112 349485997
498030756 941481386
581641758 832068220
227334821 299159673
893284380 477933580
236275580 206257133
370427984 901138578
340500197 437273828
945742025 670090294
824383327 485709170
597346562 6472597
716274359 329938780
569251299 898856511
150097584 996455070
873514324 477104442
208107849 352207846
712157008 767896957
499773449 642795286
786961628 738715254
801855615 512539590
84653665 150899333
241852474 547751359
44063413 689409918
73189022 18153857
834908980 704923947
336431149 233417406
662569295 653023688
675638779 897411805
203262970 603298949
205663651 817234808
306956455 41033224
985731586 358470366
958630601 73368808
75170175 751706257
362211316 468182067
786117690 250067913
620797446 363216873
754300145 80394736
243544822 618051966
500383009 157229349
305334820 728426588
199760854 184827577
901580709 628678239
433081897 310965684
226153071 519763031
665774702 984607057
97519795 164279433
572733471 629623165
538340814 773581615
262553138 989588828
721784736 816669939
609139215 302659524
77553244 194895736
873312429 829554113
225549934 535389137
8498374 387258127
987904393 863144200
369367148 632236195
165893554 183595673
77239050 65666339
148930489 825088244
203599048 295736681
289139025 726221822
607780158 326242564
341669917 586429840
874082557 344641206
968267433 57945591
788582851 803463927
122509703 985917554
224648805 335148656
540119975 348377016
164624186 943919234
476603197 105918575
606245299 646141373
449057494 842107318
260259487 363700329
257422137 665565596
396657688 623016704
640746582 568014246
335573776 968256689
194266845 30699853
268242853 704843743
443507150 539633789
212350530 455754400
658309951 592849432
91240025 17440575
930142929 165213809
527466382 311950011
311216035 872622546
160352146 44591942
222899655 364019446
643000996 833535686
168698490 714677647
766692744 985644887
216221267 866146497
201263913 682349510
996328986 651871141
639171790 874756632
85535254 50820039
939556513 478519297
760131097 739467177
119948407 713038190
99756753 672666942
742159170 118083836
838075042 586578031
230962460 5810814
869701303 940631450
975335576 425939322
165529134 279834638
234012825 517533613
692686474 870262416
749120457 95651715
254489432 76198872
680746944 638125727
704735128 617794325
65368398 828325977
384609691 438174821
561083185 839110203
148453864 28906334
670488833 217413763
711233478 888541064
311024037 288209573
775604442 833958113
288313373 263299014
847841270 300925015
829586939 367436098
607605525 299315281
409452538 734394150
210163023 131961127
38898926 375158966
334075237 611950501
179126894 249466089
566077269 454219660
81868513 840516840
641140038 965445649
184049460 696290451
916197823 739739229
179365931 136472827
419935211 253679627
225797027 575423721
667109598 25278892
583767755 116704598
679717642 791950150
735887290 946218481
9254190 384403153
775763520 644270492
696082446 650971321
60253362 822419183
511238737 899449439
916875220 588120244
890929556 335300248
789368376 122604649
444282402 651438636
689628177 813728449
355953384 917417048
913098453 389465635
625700803 546445133
337665840 10535210
922448057 398175406
593963804 689314083
331354002 216314390
924455256 395316882
989154992 876052880
342253303 268295085
42489222 695021085
145389580 891305695
180513440 999795250
125355576 109999943
576799549 674389559
931403493 336181558
961569858 15666953
551616612 194854069
3770393 120922744
699085043 694794236
24628727 796536266
309328295 875338236
251842958 57461302
985183428 861371607
794863081 413517162
104461536 671141474
283266050 560160262
377944298 52060330
834823526 621982751
769037355 857984620
312332915 6826429
104003226 840478619
587327598 808228189
729503566 903196637
198017775 475235439
578994561 547298063
13384420 763191769
970687152 217298877
786251802 796282994
315339569 581547946
330707959 911739784
735980014 339182158
551889618 660764507
220244861 436240211
338238351 846910879
702743870 730320152
372845446 409041918
881780744 948058926
176837915 574073492
671746955 819611869
838583366 137726065
676136178 860856224
153328570 950403099
619938724 808696229
192691583 823429641
493630254 201776206
107795849 308273961
913175913 516580530
463669143 2202970
363077549 93039132
986246082 87509491
741741257 950901387
186378063 137986618
462780233 528408369
306351691 897745902
917262825 540871925
616867934 422044094
848810242 27820785
276792813 546023888
36651234 110604532
214558793 599226427
529556374 19777536
507124181 441206157
613226777 273297613
126399205 938720581
371464957 516668997
341256324 878703194
125751016 206245894
548602341 100014514
91094787 753380579
857329013 814162604
963860409 752891235
481316553 87046039
265759003 288963136
701385949 835968056
669438516 281035498
71113013 901182024
366956532 814460930
449893281 690637812
918437779 854104543
608892278 855179867
757688881 255284492
780100688 917594132
74317982 373006536
401337489 991578021
905580873 909271428
888778946 79948301
79863517 443418473
542646800 406761275
757887459 933086416
379615290 229463700
379979326 142438087
53232078 12132209
483486586 260735891
275448272 172444062
105493719 986924840
4492064 528228317
631035255 503338419
233876161 983408737
842230468 939085329
229397609 625817427
921869828 321866325
140895697 683115345
174285150 14074438
636059498 734776298
993459194 325806558
768559625 596462627
629969111 355293644
834971521 418483957
27736270 144873971
951937367 827478476
807708322 857045481
37538605 106020105
131294440 204924793
271544916 472098945
299200735 570858785
398781399 660177917
181035980 613844117
998184005 484679608
609187892 754872634
951564730 418432228
39948292 944358572
160098779 351640101
938562413 541383992
738141200 591306260
388446862 363230818
745824721 125432253
917718667 510975329
910801174 889992993
182668511 596426142
483547639 337996213
724827060 860891449
933322944 776268514
652721292 944373636
902309700 3725955
934695299 48760709
589504210 920004970
155184269 605828728
780043772 83759066
328080696 182001227
572536602 596589582
813152687 323502113
978844695 920830129
764917591 799911120
176648828 461320548
787860966 709377891
843485526 140906812
377338471 269075352
117586857 862733634
638312177 456930914
386684563 137970929
510547347 797320296
479156226 614298298
939877602 7542404
248647577 568873603
93307162 730671686
594612428 185479716
773217095 43480687
620105852 484995561
491178258 609751926
776990237 290351379
823920618 103528966
453913022 759075927
843982179 99920766
92910857 696174685
589227913 328482416
474133782 583951938
306621921 276114210
825848277 155083286
444864442 89976336
488930348 338821983
839570192 512872040
256928293 334628245
864803504 990997644
622044089 657632932
774582551 593063572
253050170 459021165
698510712 115409097
827430953 586645060
468655713 239725611
972826663 152641395
876524231 531851500
62828833 379227062
832095316 554361075
368167949 903296190
74005459 687106650
369500383 811034542
161252562 251831281
136560440 61041057
536090795 333928889
41198493 829972002
229458130 55305065
837442668 174775729
789522783 379887851
476922558 595810373
40900273 533387488
805529358 104573893
496524643 385964312
488641024 915511438
352717507 399990556
601567720 248288752
323301781 74328228
729783805 385202865
978350535 149622305
798906538 322786184
608440825 610811188
42985920 839040419
179694820 936571189
768109889 694559522
541673047 234510253
523577799 724693401
314318461 46117596
148951667 672076946
284998669 313078324
87435217 486902281
563761942 675217115
107035322 20963054
13270371 629346861
306877089 454976934
838359568 363255864
377294746 934764683
244745763 283347519
818295169 592576103
954619314 661667640
41789367 897484541
141298815 256118862
380460352 539090816
116568793 231763807
139941035 139443994
338761599 108236670
327292845 403050343
948413413 636597618
625091210 604407543
548237091 989615158
485874563 713123279
615012821 524457335
346002885 967468520
487480717 24071193
106736682 243204015
940393744 33868979
849739316 877700228
8904530 120443918
163777604 751393595
30767501 427733417
966873562 991298206
702882870 181877304
106100201 851934184
379258382 244126753
276049200 407903051
821780908 373068285
755392806 523579500
614479885 145851677
352898204 929098978
657181596 39273987
967876737 752477370
91970827 83487460
758156425 99465462
849514351 243279405
822724283 521092105
697989998 423724795
765650257 885468764
831042430 19700641
474445054 613510349
437281583 868347430
566801825 992621867
345745749 520426692
252014444 347735739
22776628 197092459
468032058 684350134
165399913 249103675
2831489 160570568
805362234 91792141
541328798 339212691
542645842 39594475
663409546 398823722
173443519 77773460
103246710 897620886
966836066 29389049
596301030 586850133
660306326 263808707
816964680 339538390
586882584 516994506
415746863 850141694
120373636 535147679
968393677 830572198
841721165 958180099
440533579 810163994
759070277 270252654
669658797 479375259
877630114 806337161
719832544 73094622
212083463 638837172
808199239 739391372
647770397 541588353
767630532 954525376
464563456 514791223
291695620 300840588
530239182 379123792
17692914 990037876
306902908 610589947
575569115 797930480
692884280 84513434
556080496 12026607
527600219 923657285
407521425 41892431
883912793 184628550
792037271 453526374
272803362 203442075
150796886 9043836
318570749 405961848
851166614 989649486
288969294 655051970
874920409 168833165
397307733 395151252
613873274 867359325
347730183 772240062
798465730 694379990
90389400 589379905
468722270 762431879
792498743 230279124
464271245 711170286
785634620 193815906
224712519 441678593
613246282 257919882
248319052 143256744
193108196 811683614
963837364 389588288
398088133 34159268
250037919 665450265
790958809 528980696
321568471 209269241
542319583 339220776
792869617 180766104
963995216 558003255
133259306 979093026
760179309 568912986
261034229 848004792
696657177 8216094
999182080 545484271
908241887 825023680
468735315 643677775
468577780 410162355
835840932 33293013
869375471 145726494
837851197 362034545
873242395 29760859
580746303 390893961
655773523 316284794
83973622 792141940
338129428 63596732
588554090 434599424
693942421 44744472
436354706 23086829
394535293 976105657
20283093 135453040
886666451 231223421
67945619 338742193
766424410 373262456
579726130 470779469
682717420 794295919
907515204 889389268
443109731 730026590
880815861 217442892
439180015 533652210
708264317 247035308
785844134 532467728
203437717 331620962
614130534 566608716
160873198 674643150
354148691 257265267
971471665 372768453
943191547 643805186
738840056 309234702
919570568 757655468
368747255 324622568
899113539 934116567
408603515 201789059
825935409 956369183
819463263 84142466
452742860 864288466
731868328 318030463
661868601 148286323
573238921 401150599
897360435 67348024
784085968 237901210
196445225 250528908
571439353 306091308
426341401 352786061
901438412 271231143
254605485 598305167
936991892 673994215
794922218 115932311
799726500 361903548
239518158 586837216
169078948 978895468
355193759 993459290
915161790 147060270
178463148 27663910
689983760 553023919
542300256 895619867
953335895 877158033
715384143 417222724
726627095 339883495
262879330 802431840
225935435 551368379
188207906 71242593
424967191 372692105
848036555 234762477
353628182 695735233
