1000
16344575 984312000
314785595 648648000
811399714 574516800
837838221 363160800
696021874 151351200
257246939 853070400
788010580 756756000
366843903 827668800
144466785 918086400
737877294 605404800
620053308 431222400
200175457 469497600
286745235 989679600
512816160 221205600
624253935 586051200
322275156 967075200
222898350 935625600
246183192 716601600
711021548 914542200
688881775 420076800
755588169 472953600
431739402 787644000
250087246 570326400
797490282 832431600
166210326 832431600
600427645 414385200
198614662 347911200
684578465 584766000
688681771 864712800
65029318 856310400
796849115 730296000
741541192 697183200
12194587 738593856
887514015 908107200
782887785 582357600
528256803 60404400
290823563 817525800
641700481 942278400
992373307 908107200
820458412 965620656
323134983 874972800
901230265 494802000
853491828 821620800
557484883 778377600
922111781 716601600
174070844 718918200
610221442 855036000
309853182 663616800
690093356 813758400
218842874 791683200
16416306 508939200
273353769 698544000
672579282 568814400
472287503 773388000
350162738 916423200
584703766 586051200
356350604 261424800
676439731 920808000
357160669 781401600
162028161 824947200
357695418 821620800
643289877 948024000
742169277 857656800
894241940 825552000
467942994 854658000
457455376 992791800
450693040 286070400
465581600 933332400
966471215 505612800
225017010 896641200
481258403 653562000
180785128 912038400
32080876 836362800
147381943 293025600
868784198 936772200
711938037 939232800
566358133 988243200
759984081 904780800
623490051 472348800
283040233 116953200
759495115 940123800
35870113 841428000
887833741 581981400
99929168 369532800
837426317 300839616
258840380 857656800
269619357 472802400
884529177 949548600
373130831 723340800
353946167 277711200
957696095 888287400
821957218 678585600
78093584 756756000
473480933 534643200
212160196 918086400
245262979 522849600
355976423 904780800
551843604 567831600
117362176 884822400
872778414 852400800
975814975 518918400
177891655 557776800
824830191 958557600
678420827 781981200
976736951 129729600
723511196 784274400
225182420 771724800
258241288 884822400
149559775 698544000
251970316 990208800
40112335 813758400
341180933 408704400
459046262 858146400
553861566 744876000
688899244 825552000
178698502 894898800
641125301 992791800
638117157 756756000
239524892 643242600
567990698 364174272
671303502 832431600
135062407 324324000
356070531 422830800
921813404 920808000
946304386 539784000
618497350 918086400
365838596 745264800
38511084 904780800
964614703 603288000
190731150 454053600
128919084 730382400
70412335 507729600
194620187 853070400
648959183 731530800
270202546 928324800
517276830 784274400
323060632 756756000
78747122 825552000
866422365 494802000
580355888 824947200
810823839 710715600
723982813 625363200
825297950 994593600
43990725 630115200
283593438 367567200
975672895 720046800
209732504 653562000
508829337 908107200
731502742 870269400
506908017 744143400
655466469 993686400
239406879 263390400
274553108 756756000
16990115 669438000
455644649 605404800
723473353 908107200
493287986 451645200
791143261 821620800
618010937 848232000
932866003 933332400
978792101 785505600
269886484 949548600
728361075 827668800
612536387 744143400
774123710 508939200
146795232 945172800
809981961 965853504
706535751 866388600
635860169 908107200
948789338 904780800
391624933 698544000
706441710 429483600
624885094 346852800
31615418 508939200
769744535 704503800
851354657 778377600
835586802 958557600
234785208 698544000
772787317 323416800
120363372 884822400
671068043 948024000
309048553 855036000
373917856 908107200
470861056 675259200
509116900 205264800
858890998 198298800
279717982 791683200
85354637 857656800
761116346 825552000
636772659 153014400
404448931 904780800
951753804 701719200
570251850 840153600
62580979 908107200
856134574 928735200
831896444 894499200
55395224 802418400
908709159 994593600
714757804 989604000
52391556 989604000
616367569 539784000
902348766 966232800
547099533 286070400
141868220 778377600
941987696 580179600
185606821 954676800
899786320 904780800
705860503 925041600
14064541 730296000
676589466 648648000
577708194 824947200
296900887 399999600
149773175 948024000
221543696 637876512
335113826 428828400
944328875 592207200
575838224 857656800
194806228 908107200
346973845 510958800
138972713 447249600
677462431 339292800
701405637 904780800
552391642 648648000
165498246 904780800
653170010 206388000
67468344 908107200
455445317 379922400
703796856 587412000
453200917 904780800
336057165 897396192
575052301 597542400
303544031 935625600
438373623 962236800
554228514 603288000
573967088 367567200
505839733 710715600
691337166 700963200
979077625 940123800
897247692 330782400
867980996 564127200
202074779 958557600
678438797 163706400
236447482 879076800
866074347 248648400
920517561 539784000
574670200 534643200
281948264 698544000
941876884 643242600
920519518 987638400
181806328 345945600
729524248 518918400
632369207 848232000
183350041 678132000
114654239 198223200
660791915 984614400
310975328 298771200
988240946 849895200
733852738 821620800
814811360 735134400
412624550 821620800
415293253 691891200
634602608 904780800
889905958 958557600
376984778 984312000
129536897 695822400
978258300 683726400
202232501 313374600
158116093 691891200
17856247 771724800
864128676 838164600
838596525 467812800
413098659 863179200
173401751 832431600
470520353 723340800
906855460 832431600
292527809 691891200
875439967 568814400
18358514 584614800
150374363 989604000
489272566 908107200
145001019 484520400
463560943 784274400
462725022 663616800
678046473 735134400
623273404 976903200
180440999 936772200
101721912 701719200
820217434 467812800
513664840 948024000
239870445 857656800
767443219 648648000
628494335 857656800
123724399 698544000
6596579 821620800
881661316 746172000
455531846 698544000
440185563 778377600
1706309 956617200
725915191 701719200
480697121 785505600
532927787 672235200
115267326 643242600
258246283 561632400
952738171 869140800
613093380 958557600
791579206 908107200
139554278 509652000
465748604 778377600
24633044 832431600
413960108 997542000
710156378 935625600
159900187 698544000
1078938 787644000
508160556 653788800
35049405 956617200
228581064 678585600
944018965 339292800
62984397 868190400
772261537 825552000
966509711 849895200
60385889 228009600
698890059 948024000
412877868 788356800
992389533 787386600
593011302 690908400
552433073 971308800
854658394 696524400
946247472 884822400
280988578 522849600
933756883 553014000
648146256 542505600
502720638 908107200
322148498 778377600
832031714 896313600
128205574 857656800
608648391 721828800
304737552 312530400
566531308 587412000
747942099 781981200
194918809 508939200
873718949 669438000
514629896 496821600
564094901 945151200
722180941 853070400
470103030 630115200
233688864 904780800
313857363 730501200
397291564 643242600
647535214 784274400
735602827 896313600
322336057 914542200
469505919 994593600
23891009 617047200
143896021 605404800
389280773 766022400
544450058 933332400
308158680 718918200
688549132 560196000
495594340 888287400
849362170 884822400
903664486 173090736
963601988 601679232
206185023 119156400
969995315 581981400
891011020 832431600
259071 698544000
135566292 827668800
299149717 826610400
638758359 610527456
279969494 848232000
115898744 791683200
673480393 989604000
948322187 884822400
616213601 157528800
475203474 787644000
271664782 904780800
274642382 858967200
408197861 546261408
646155055 917092800
229443669 937094400
881288982 673671600
243908157 302702400
303598806 230053824
562271265 568339200
620210474 880308000
644756972 866388600
261253448 832431600
783018497 605102400
521250015 698544000
130663176 923076000
63655027 935625600
647289595 850348800
65691082 788356800
582982815 593762400
706475338 791683200
142795138 735134400
760615169 698544000
631893838 989604000
50277156 945172800
995218057 756756000
676688651 920808000
871758304 670269600
830256057 364240800
134461998 803325600
986736442 844074000
948829015 832431600
905518924 901692000
884648631 848080800
654505685 643242600
209675148 778377600
596241331 958557600
700201128 750701952
10655032 744143400
737771196 876506400
697306732 501064200
120092634 879076800
73356506 886788000
494303315 447249600
35953773 758419200
813226719 765837072
852064059 989604000
103375381 721828800
312076807 902286000
728436174 691891200
19369454 412473600
740757078 904780800
349065588 367567200
141741000 574516800
353598714 643242600
92600800 267170400
825578398 803325600
791204773 958557600
134688894 553014000
899806798 632923200
583972029 994593600
198719055 412776000
893431617 500860800
350732252 989604000
435359265 454053600
740526664 832431600
76041813 778377600
317787647 771724800
730765823 758419200
615184905 239263200
513993116 539784000
513356101 832431600
454985011 669438000
886508067 539784000
326778143 301644000
984065949 821620800
567190120 832431600
944539711 908107200
730201430 855036000
181671725 364240800
593129052 605404800
432387630 378378000
661487313 597801600
317060294 653562000
102695500 582357600
847640576 241768800
54746530 958557600
237126852 691891200
50065544 593762400
686670021 534580200
282023210 896641200
451131809 913229856
101936827 448320600
569750695 688564800
914962882 888287400
749173436 896313600
950730294 832431600
340663129 518918400
513955297 691891200
69419325 570628800
898501692 904780800
948435973 920719800
276613563 778377600
908167876 908107200
256822807 522849600
844757313 648648000
346483943 698500800
162926595 721211400
709659556 896641200
357080250 778377600
613929952 857228400
542513828 542505600
855991089 126403200
354620911 826610400
276365482 832431600
519250880 605404800
121344446 663616800
951710414 468547200
764412217 845044200
210728509 756756000
386068726 361670400
40784654 827668800
677816114 916423200
238136785 683715600
743454944 916423200
261210669 289396800
903970597 931857696
703945474 678585600
84416656 861537600
635322908 848232000
674948127 914898600
902609698 962043264
505713137 431222400
842530925 365601600
245846724 853070400
404187620 778377600
706416257 992791800
836292016 938995200
273393212 475750800
424140390 310564800
657248181 129729600
902889299 778377600
491629220 522849600
455770712 252277200
616818585 164278800
372982864 993643200
483936499 457142400
599529287 778377600
462859056 424116000
778668504 718918200
139939797 718918200
224390298 774424800
340083024 949384800
637505779 803325600
551027769 672235200
62717944 365148000
428764296 857656800
536434319 850348800
799448271 448156800
706382548 855036000
737996344 948024000
570995706 821620800
273641581 979624800
251069390 712389600
733014652 705423600
74939977 672235200
691965100 650916000
5995988 683726400
245100492 778377600
843350177 938995200
215054459 994593600
971176784 827668800
1832378 634888800
611782992 141253200
743543205 114004800
213046593 573804000
194193333 832431600
220666728 956617200
986116866 984312000
417943417 930852000
659558259 181580400
655792003 832431600
266071533 935625600
395975328 778377600
230364271 958557600
496637736 704503800
359727763 933332400
821317490 857656800
587514717 718124400
36663332 989604000
634828759 347252400
222021268 744876000
804280918 586051200
342020832 949548600
68171878 659912400
439163020 221054400
210847471 409978800
898989205 483235200
974699889 501228000
331637716 743212800
200471558 286070400
819095849 988243200
927504493 908107200
637676942 904780800
420750932 448351200
426865640 346399200
199509727 908107200
317264443 908107200
303079279 349272000
31559342 206236800
355671876 923076000
680346498 979624800
277036074 744876000
878955078 853070400
170163669 626749200
920866287 944697600
549253242 870269400
683553819 813758400
520203581 958557600
828635016 723492000
966443667 948024000
639436980 753278400
448818975 837777600
982829589 474012000
388058808 603288000
358289012 945172800
894279514 883146600
602823783 758419200
983614319 534643200
16419426 610255800
515730877 839311200
300232162 494802000
235064975 467812800
704272818 778377600
421371846 187412400
62023052 832431600
420138079 989604000
56470736 961567200
524798415 704503800
56155265 984312000
933449711 942926400
865567047 758419200
908743030 644846400
966726045 902286000
960230294 744055200
586529545 750701952
618014650 528595200
290489985 670269600
296940882 518918400
617457417 991116000
598294105 985327200
463474374 678585600
829098923 603288000
844939398 784274400
225954105 962593632
497469332 698544000
36849219 894898800
791031146 560196000
102472568 778377600
230750401 494802000
147927182 101754576
690166541 853620768
84804248 803325600
521657315 921866400
285682562 723340800
969320371 969040800
310880327 735134400
355877776 857656800
743961863 448718400
607469731 791683200
818516682 888287400
994930985 678585600
207978797 832431600
540319820 189604800
118095093 575791200
108211391 580179600
907705004 992757600
369436158 778377600
359913199 958557600
352204228 901692000
736563002 698544000
927411789 438253200
463426487 936154800
287779557 672235200
769582699 778377600
490611545 632923200
343487689 847954800
969265545 497296800
472273065 999734400
511412289 829634400
811642433 481399200
569873529 825552000
342670681 479278800
302622236 479278800
170193556 740703600
668012943 192931200
274597841 832431600
339201089 264297600
289256571 758419200
641004806 317444400
627745861 821620800
968832900 729237600
30196935 756756000
558562138 462520800
496017742 778377600
271275430 809308800
999831367 749649600
63754328 825552000
781153108 896313600
302787216 361670400
332763158 949548600
949873033 923076000
966931325 542505600
65541554 791683200
559961821 103118400
878393391 666468000
459977029 935625600
794699117 958557600
839679071 239639400
72215989 832431600
587392309 698544000
84390160 904780800
138833182 922309200
455801966 994593600
448679734 409978800
554761578 824493600
984754222 756756000
418079435 884217600
557194855 643242600
431937442 231940800
817594427 811641600
576150693 893246400
722574291 601473600
892157097 989604000
202351427 429105600
877137904 811641600
694491436 870269400
634135755 627026400
706778248 848707200
348604962 967906800
695988279 389188800
952491439 949384800
248108643 842961600
656790106 940123800
785162071 787386600
241828252 787644000
464314997 532904400
713202674 778377600
928852173 648648000
960813904 591926400
507019717 648648000
26819173 756756000
875412365 735134400
855845102 781981200
858078096 803325600
947732937 684028800
986604056 857656800
273332783 918086400
166938419 824430096
10886012 677635200
754071200 857656800
505955635 268606800
579073582 581981400
378902375 990338400
248625021 698544000
101665210 879076800
216302067 730501200
614005348 553014000
170815167 511295400
147468010 975931200
675126463 855036000
593281359 605404800
782809296 806803200
791137949 84823200
266934535 832431600
335291388 832431600
119347135 354715200
149708179 813758400
481205629 791683200
304531330 821620800
266607905 918086400
290767642 420076800
382588462 778377600
1261179 688564800
907042341 825552000
329674933 857656800
792951825 920808000
511064154 778377600
14331399 230053824
537082235 678585600
807845539 902286000
252664924 832431600
398673223 365148000
258667540 896641200
288966778 940123800
638590103 908107200
59490825 959212800
148844968 21621600
55920886 801964800
183685425 935625600
455343297 539784000
585411348 97675200
286521009 412776000
828737047 500493600
630999675 984614400
435342114 744143400
150612776 412776000
491990381 297226800
641347296 868190400
733166730 896641200
292695662 578793600
709790923 630115200
125428676 434570400
1253930 643242600
608123335 678585600
665689421 857656800
179648516 991116000
986698367 735134400
515112987 958557600
439345566 933332400
635382954 992791800
243629168 756756000
189144185 908107200
888886817 634888800
345828459 803325600
609189507 601473600
387477923 301644000
936596739 984312000
711344199 697183200
643134781 902286000
326689402 896313600
842273633 221205600
308717597 825509664
695437932 648648000
809800794 848232000
945351516 936772200
459999481 832431600
157032736 412776000
44038830 626749200
535640265 904780800
914341324 472348800
321902969 825552000
882000073 778377600
542664349 935625600
584728555 877219200
84655858 821620800
922043491 798033600
400125879 523378800
89001453 568814400
716536759 277711200
282346486 653788800
481731555 553014000
576023812 908107200
493329204 580179600
345513563 501228000
251976860 756756000
314492980 429483600
84980876 945172800
338762230 395841600
436056650 876506400
913510240 825552000
4395717 914004000
593012943 721828800
306088784 994593600
352897108 840153600
92534385 103118400
731653668 698544000
599766847 917654400
255724286 984312000
558517910 459043200
635858436 920808000
220583322 778377600
311873283 756756000
574275795 454053600
641789864 136868400
368897961 603288000
356475976 583178400
628866298 420076800
354937307 904780800
710788152 726818400
134913549 876506400
97098308 909921600
3478782 448156800
618455188 921866400
674756534 672235200
973530887 904780800
831563955 904780800
641761173 691891200
796408913 678585600
131540571 532904400
775525718 781981200
445940274 554299200
284085276 825552000
872673621 787644000
541821024 857656800
185555710 518918400
807598899 399999600
103386384 489812400
92307000 464788800
33894490 765837072
386779364 840153600
590686323 832431600
465458078 735134400
447101708 379922400
851885742 464864400
119460549 886788000
362955329 992791800
548129829 870269400
120576893 841428000
976837340 832431600
633614870 718918200
597576159 214414200
190615830 958557600
672564302 653562000
250984029 884822400
896721742 989604000
89122600 992791800
578881319 277149600
409654475 125377200
144544991 881193600
242137202 821620800
169931096 778377600
418791933 989604000
214729134 908107200
692705484 670269600
262321640 803325600
968514460 908107200
139075853 587412000
561068667 723492000
209568920 226951200
997981501 949548600
782276226 832431600
11582279 883537200
279351660 632923200
132368422 979624800
799657335 989604000
695907970 704503800
72637387 593762400
548320433 826610400
396547315 813067200
570093208 756756000
263777874 672235200
360350421 882565200
10207109 545529600
341806281 744876000
620969312 630115200
48538830 908107200
385147807 832431600
836818699 133736400
448908553 731530800
752162573 908107200
995511066 896313600
275352711 316159200
328919924 133887600
666840001 904780800
970965655 181396800
278280689 832431600
438570422 570628800
440216851 428828400
825543227 389188800
7627494 410810400
644715244 630115200
324432824 698544000
553861573 935625600
873494625 723492000
614806761 884822400
50339832 756756000
607040262 784274400
575958988 643242600
673760475 507124800
557094739 288802800
284148211 448156800
638926976 919749600
279827275 492307200
828127277 848296800
197867828 984614400
225150578 896313600
297747981 239639400
664388477 438253200
974684149 787644000
805278337 560196000
533511808 994593600
48815909 678585600
551065294 489812400
403961107 827308944
479176709 904780800
312513246 918086400
838679416 678585600
750037980 938995200
509561630 832431600
450351088 778377600
817445986 876506400
427213634 956188800
923334601 989604000
408043370 920808000
140009864 663616800
983708298 369230400
554110254 756756000
575399191 198223200
130222123 522849600
43386979 954676800
693323627 316461600
685341912 908107200
137658160 526935024
483154886 918086400
825013351 691891200
523028957 844192800
791376031 902286000
516161279 855036000
889639151 830606400
98848427 301644000
261017711 691891200
883719442 349272000
556630402 539784000
768312399 832431600
720223274 832431600
471330837 637761600
332106367 548780400
334604242 494802000
516777352 902286000
925171614 974937600
648297826 848232000
484627614 568814400
480399830 778377600
195851627 832431600
526747705 349272000
