100
99848
99657
100388
100197
99825
99931
99809
99816
100034
99836
100244
99532
99680
100181
100351
100218
100477
100029
100131
100313
100135
99892
100088
99998
100024
100363
100429
99664
99785
99710
99701
99487
100021
100284
99589
100239
99970
100479
99737
100418
100246
99951
99221
99886
99577
99768
100540
100304
99755
99460
100042
100117
100242
100233
100226
99685
100312
100046
99747
100119
100316
100084
99721
100132
99874
99463
100233
100015
99813
99801
100343
99893
100195
100376
99769
99991
99911
100420
99906
99699
100205
99694
99906
100136
99968
100318
99993
100304
100080
99937
100046
100098
99821
100283
99526
99867
99972
99721
100261
99922
