1000
81 70
92 48
75 76
95 23
44 51
83 48
41 52
91 28
99 86
48 15
56 83
53 10
66 91
87 46
53 53
96 41
86 4
47 78
17 60
33 23
42 88
90 79
60 79
35 27
72 10
83 69
81 75
7 11
54 85
81 8
88 4
83 27
27 15
38 27
59 97
74 42
3 80
44 57
75 31
72 7
73 94
84 41
29 80
25 69
69 69
25 86
8 97
65 92
96 76
60 5
68 64
71 98
85 95
47 96
73 74
84 34
35 10
92 18
9 23
42 12
26 58
71 34
8 72
21 56
46 79
93 7
57 38
96 21
9 83
61 46
50 10
28 47
86 88
84 78
35 93
29 26
19 63
52 80
56 72
34 22
30 93
44 52
81 26
99 81
55 22
93 62
81 91
82 43
7 5
71 78
26 84
57 41
99 71
42 53
47 30
41 58
76 50
83 50
20 81
37 99
97 32
51 92
12 60
90 2
45 12
37 64
69 78
51 19
6 66
27 83
58 16
87 33
40 8
64 93
29 47
70 44
37 76
15 89
88 21
66 100
77 87
84 7
84 73
65 39
4 21
20 61
12 85
95 80
64 60
96 94
4 24
26 22
32 98
30 84
7 92
82 58
61 93
53 88
41 98
42 5
90 56
47 82
15 23
12 93
3 40
82 86
89 27
15 12
22 72
84 53
75 78
33 9
57 31
89 55
44 72
61 62
97 26
11 11
10 85
86 19
48 36
5 2
88 33
9 71
72 16
85 52
37 68
73 38
21 90
2 55
40 64
49 6
100 87
43 3
98 79
9 13
99 8
99 49
57 81
55 52
62 24
3 65
88 25
26 11
56 26
13 72
83 68
22 55
30 79
12 30
66 25
57 4
56 68
41 15
93 83
43 38
8 92
64 48
43 5
48 76
77 44
91 29
15 70
5 91
9 53
90 69
52 6
53 2
88 80
57 94
60 12
43 78
69 80
59 73
67 29
13 60
76 88
100 48
97 49
6 20
20 15
31 81
54 22
19 27
86 35
51 63
45 10
49 81
29 22
78 62
36 71
12 88
37 63
34 21
95 15
99 28
20 92
91 22
21 7
86 2
9 32
47 17
41 27
86 10
95 67
56 81
69 75
50 95
53 13
27 25
93 48
93 29
91 69
86 9
94 33
14 39
73 42
38 43
39 7
34 55
43 45
90 13
84 71
99 77
36 70
37 6
43 8
19 56
65 65
84 74
45 23
78 50
68 86
4 58
11 76
26 90
70 51
28 69
64 88
80 81
54 74
59 93
77 18
52 50
97 51
24 11
35 44
18 34
36 93
69 34
15 14
81 25
18 46
88 54
18 67
17 85
21 66
51 91
46 87
57 72
4 40
13 51
94 51
81 67
60 100
5 15
9 75
32 21
31 91
10 92
5 96
9 81
7 76
68 80
5 75
90 42
21 80
45 33
40 78
92 40
45 41
80 52
99 45
93 24
6 70
14 57
56 53
31 59
99 83
11 31
2 92
93 68
25 53
36 98
78 77
45 34
59 24
10 2
70 83
35 42
58 5
83 38
74 30
69 63
52 16
46 8
100 3
31 66
81 35
76 60
38 58
25 68
89 5
87 95
61 53
78 72
76 6
32 82
63 83
95 71
25 63
95 37
40 75
22 62
70 41
52 71
61 77
72 69
55 57
45 89
15 80
51 45
15 100
73 33
31 49
35 23
30 44
15 65
41 10
82 6
73 16
29 90
91 31
26 66
57 76
85 54
89 14
6 4
19 89
31 74
95 3
47 73
64 68
27 10
68 43
66 18
45 70
70 36
42 71
60 34
15 58
38 16
7 6
27 98
92 37
96 37
12 87
18 31
21 95
23 14
69 19
48 94
82 36
98 11
23 82
36 68
54 34
56 5
57 90
26 37
65 41
90 35
90 50
17 81
73 69
34 25
42 66
69 44
65 60
18 57
97 37
58 88
85 74
38 49
8 83
76 80
42 64
36 72
80 20
98 41
40 100
23 36
50 97
25 82
44 32
46 43
70 79
3 98
49 59
31 83
82 63
76 54
31 18
97 31
47 34
28 20
88 40
88 73
63 86
53 86
8 34
82 39
88 43
5 23
68 42
100 17
43 93
8 82
21 13
83 67
28 65
26 93
73 49
54 23
31 29
33 4
75 70
46 25
75 64
44 16
92 41
16 75
38 52
6 60
55 42
40 88
30 97
18 62
40 81
4 59
45 54
93 95
50 46
62 83
10 65
94 35
14 62
45 67
30 59
55 15
69 85
14 12
29 62
100 52
90 59
43 33
72 13
42 63
18 14
47 27
76 83
35 67
53 71
20 72
24 35
3 31
99 56
4 96
13 65
57 33
46 72
83 73
54 91
44 31
72 43
27 11
94 25
31 43
71 16
70 14
54 86
13 18
22 42
6 27
33 54
96 29
98 88
88 51
16 33
73 30
30 81
42 97
48 40
32 83
62 43
13 6
10 54
93 58
12 83
83 5
67 100
16 82
73 100
48 95
60 54
3 87
2 29
42 31
45 92
79 99
5 63
19 30
98 34
12 20
40 20
57 35
54 65
47 5
13 92
18 30
3 33
50 6
31 90
22 92
35 72
23 89
33 37
65 29
70 8
36 42
63 92
86 62
5 80
78 53
58 98
42 92
14 35
38 85
38 94
59 36
82 37
82 7
51 28
69 26
27 87
6 90
82 70
35 35
34 44
24 90
93 27
58 72
64 19
57 61
8 70
53 11
49 66
2 56
9 51
76 9
51 30
85 56
43 85
68 35
70 34
42 26
61 7
24 94
67 98
77 20
43 58
81 30
6 11
71 95
17 77
6 24
96 19
50 45
73 46
67 16
78 31
88 59
98 57
56 96
79 41
50 25
32 88
45 78
20 49
36 29
40 27
45 19
84 96
42 85
71 60
57 100
10 66
99 32
28 85
73 37
37 29
48 30
18 54
29 55
100 99
10 57
28 92
58 83
22 60
9 2
4 80
79 58
100 36
85 57
18 36
32 25
77 45
18 92
94 76
42 96
39 86
79 94
38 65
79 98
49 47
35 5
78 85
36 88
80 46
66 37
64 81
81 92
19 80
29 51
20 19
85 32
15 32
42 75
44 56
75 47
23 78
95 28
99 41
92 47
35 62
6 47
30 10
77 96
25 34
38 21
32 89
34 39
29 83
88 13
77 70
12 41
8 26
90 57
15 97
81 52
7 67
99 18
60 6
97 24
89 93
7 32
47 22
29 5
39 18
71 69
69 87
22 83
54 36
73 99
44 100
16 63
25 62
66 24
69 91
86 20
76 46
43 48
4 37
40 55
13 14
27 12
56 43
12 98
42 72
66 97
28 60
82 15
58 67
53 44
24 53
30 92
10 7
63 2
24 7
34 18
26 99
7 2
65 74
38 45
82 79
71 26
20 25
19 4
22 15
67 80
64 13
31 33
10 86
93 50
51 27
26 20
42 95
2 75
93 25
81 51
22 96
91 79
55 68
55 53
15 5
37 39
72 91
14 18
96 98
63 97
81 55
82 40
43 18
14 5
11 51
27 14
96 13
9 76
39 28
69 65
37 26
90 97
33 18
49 10
14 58
4 65
93 3
46 35
85 84
86 44
92 76
92 35
73 18
23 74
50 7
11 58
22 34
40 22
82 25
16 39
66 13
41 23
35 70
70 70
30 49
98 73
62 92
61 3
92 32
39 76
29 43
89 94
17 36
43 100
2 74
4 7
14 47
38 47
59 64
77 85
44 92
71 70
47 97
94 34
41 21
77 72
82 31
94 20
16 16
96 47
72 3
43 94
64 82
86 46
80 61
73 36
96 32
8 80
93 92
70 97
57 65
99 80
8 16
42 73
50 51
92 19
90 41
71 66
7 70
20 88
33 99
90 73
52 69
91 32
31 61
86 87
46 21
64 11
50 50
29 7
47 68
38 28
81 56
23 77
40 37
73 5
25 3
98 49
40 7
90 32
50 83
29 58
31 46
2 89
5 61
73 57
42 41
3 17
30 6
51 57
89 51
63 42
13 87
67 94
37 43
63 13
23 26
4 70
14 17
72 36
95 35
82 73
34 88
47 87
95 62
37 8
35 48
99 62
73 25
87 17
82 89
15 21
57 60
12 11
85 51
71 27
86 18
47 72
88 71
11 97
98 55
13 93
57 37
84 38
13 97
99 95
29 85
87 65
43 37
97 53
54 98
30 26
58 51
45 71
17 11
32 36
16 25
51 68
87 94
11 35
93 64
46 48
91 68
21 16
14 19
59 12
22 11
60 49
10 62
7 91
16 76
88 15
53 59
44 74
19 11
36 90
50 34
8 31
15 13
93 26
94 85
26 68
34 84
91 63
53 25
8 5
20 40
30 64
21 45
81 24
14 64
65 85
67 99
62 99
60 70
81 4
35 61
96 89
89 57
45 81
97 10
66 85
48 17
88 63
12 89
47 46
35 74
70 6
35 68
25 19
10 78
15 34
14 63
34 59
60 95
9 57
85 9
61 83
43 9
99 74
