1000
634 949
548 728
376 586
601 751
171 795
846 342
394 652
810 370
945 317
402 715
211 781
674 886
936 375
113 437
842 652
410 923
68 519
717 686
358 911
415 415
822 757
821 320
681 20
854 363
610 123
473 254
982 177
816 874
323 697
709 945
939 621
470 619
273 825
207 562
70 655
540 994
635 995
593 794
46 75
419 987
670 925
636 57
693 19
652 203
203 109
293 203
465 769
940 819
584 323
14 816
961 627
343 444
587 811
236 564
48 796
570 745
663 316
870 914
220 628
999 187
543 541
543 191
795 680
53 766
508 722
756 599
468 998
922 27
826 536
501 557
772 671
748 957
363 754
573 819
584 662
265 270
70 727
135 972
62 927
176 325
841 82
198 452
977 555
855 261
900 56
569 155
439 359
622 736
904 930
955 45
442 296
760 996
161 59
651 474
357 391
72 215
362 674
695 661
617 271
736 220
198 141
497 403
629 441
568 260
165 228
730 864
343 404
641 201
823 783
982 641
953 429
958 164
737 482
638 716
646 331
42 32
554 616
198 658
449 316
783 967
984 561
324 801
414 896
369 232
941 314
915 452
596 390
990 653
391 149
640 842
284 782
766 244
396 834
727 89
473 712
4 352
89 863
956 283
505 541
841 610
932 400
144 40
881 967
518 597
389 202
656 456
118 685
250 310
55 505
811 736
219 366
549 338
953 285
595 994
107 699
878 691
975 158
519 790
607 689
661 46
658 575
510 305
18 154
153 479
84 939
896 666
752 632
502 954
470 754
741 23
181 811
199 168
244 771
230 665
45 729
649 820
453 474
731 826
417 691
316 772
322 27
709 438
363 813
647 106
805 175
85 736
17 931
308 647
677 881
200 162
702 203
111 82
165 565
659 935
416 593
611 253
947 938
918 62
442 234
698 809
427 338
873 566
474 486
764 200
77 77
71 870
667 679
141 371
281 596
389 30
2 961
829 697
936 976
252 62
554 565
957 119
867 669
998 409
983 287
536 577
940 295
161 708
942 9
867 873
426 308
499 382
41 787
682 332
15 776
619 59
93 779
812 56
841 782
385 822
448 640
433 408
486 179
14 510
992 692
875 190
196 77
437 195
92 991
565 657
537 805
829 163
429 229
908 619
862 84
981 230
515 192
449 22
437 984
974 537
561 776
314 108
732 948
650 331
290 54
728 900
504 377
849 335
27 797
371 600
607 340
937 717
223 107
919 553
29 715
974 65
413 707
543 409
41 822
410 2
661 43
696 631
995 446
740 469
86 331
613 538
631 460
576 525
981 220
93 472
601 691
879 792
373 765
382 35
150 151
112 235
823 637
420 169
141 208
680 844
273 397
497 348
73 384
635 223
169 846
616 900
485 277
825 555
823 89
692 953
289 497
264 156
750 113
783 211
898 923
150 723
717 169
157 46
678 4
58 244
808 362
128 319
206 674
66 750
529 434
638 539
587 947
389 750
977 415
94 206
833 191
735 854
371 732
223 967
720 545
679 933
60 743
943 250
104 305
571 326
295 333
898 299
939 46
262 432
330 350
707 93
659 923
556 778
605 277
550 284
37 898
332 908
854 53
959 145
440 510
909 512
660 815
582 353
175 617
386 998
531 676
23 452
77 600
196 900
713 550
394 756
319 214
815 539
503 694
629 635
419 578
465 735
608 132
402 389
766 399
184 80
269 340
134 259
660 583
279 731
538 258
110 104
639 192
135 358
696 424
134 525
126 672
158 518
398 717
996 956
357 686
446 566
19 796
960 312
97 396
745 399
640 527
470 787
33 106
65 959
586 242
794 158
239 719
71 727
29 754
971 58
931 638
48 600
979 536
632 29
588 713
896 327
795 159
633 843
353 255
306 610
729 312
962 353
941 317
990 627
406 830
781 348
733 185
34 547
630 889
407 934
104 449
435 410
236 459
784 650
75 241
6 725
737 532
189 414
275 770
610 604
350 264
464 183
73 3
550 655
270 323
450 30
656 294
583 229
539 490
404 115
360 52
786 15
799 239
519 634
273 596
468 291
861 450
190 535
698 29
967 688
748 323
690 474
415 613
568 595
38 858
242 643
851 827
842 951
496 653
750 557
193 492
876 752
975 284
306 591
169 908
484 547
882 317
868 407
555 478
606 567
541 428
447 34
150 350
700 113
995 633
401 353
110 869
897 793
576 960
253 234
379 273
175 644
456 934
226 868
341 112
510 321
72 646
36 575
945 116
221 708
718 925
237 199
519 808
448 599
669 423
699 852
897 99
894 872
974 992
37 829
19 144
698 234
584 748
13 368
577 915
862 502
536 639
53 206
71 531
334 854
514 137
348 552
552 977
812 279
322 555
852 471
264 962
109 455
294 119
974 43
34 973
209 777
724 289
756 285
88 901
687 131
234 154
751 906
177 101
544 145
373 740
642 276
774 79
173 645
274 989
536 420
259 441
26 442
711 917
199 893
934 284
512 316
706 894
837 272
929 934
707 390
122 637
573 891
539 265
882 840
188 325
520 538
342 942
509 873
839 854
470 134
444 765
289 451
693 667
965 582
136 528
295 378
807 56
657 600
627 323
498 773
81 275
562 633
147 777
319 858
306 791
964 807
175 879
819 277
389 765
574 738
191 852
649 344
249 359
880 332
549 624
17 772
382 462
894 239
883 801
657 540
344 953
642 493
601 421
238 132
763 237
995 367
265 898
211 149
697 308
697 574
887 493
680 416
676 797
52 265
649 304
694 337
28 177
532 329
790 125
910 337
735 55
645 156
94 940
949 657
522 216
998 820
513 196
734 943
876 571
384 422
177 240
220 253
23 964
590 548
361 892
193 591
504 811
900 344
883 121
729 314
115 900
589 297
408 861
39 469
283 496
430 327
822 311
692 228
762 132
487 310
639 439
533 25
462 973
349 929
419 809
734 748
393 356
483 650
72 510
935 738
273 104
489 352
523 354
51 230
465 429
906 937
113 895
541 673
99 89
932 123
640 219
489 838
793 409
990 901
922 794
709 464
885 334
253 333
808 294
821 563
90 329
493 233
625 815
860 33
3 134
101 365
209 601
654 279
530 362
643 269
525 918
416 845
559 148
567 182
996 269
15 240
784 438
546 321
22 757
975 90
946 513
447 253
361 566
651 575
421 715
345 240
565 331
203 78
745 902
188 240
332 555
116 547
101 990
422 996
675 966
92 135
163 328
899 38
202 252
421 759
888 220
815 941
775 696
692 397
117 251
574 229
988 946
231 637
324 762
374 312
245 812
656 848
489 334
830 90
882 40
857 69
981 422
732 457
86 655
654 28
525 787
116 645
577 896
791 376
747 171
642 461
573 468
420 727
284 11
687 4
224 848
324 240
352 834
725 623
900 781
32 491
142 226
777 258
87 873
153 309
873 851
886 148
449 270
420 509
368 31
915 883
93 883
804 937
917 728
137 815
229 17
256 386
39 237
713 168
729 269
839 564
923 176
702 956
251 283
832 506
218 553
54 901
796 278
322 496
726 966
961 681
907 881
953 485
31 628
617 412
450 776
329 727
100 266
823 939
296 670
79 76
292 745
850 464
280 850
646 982
283 648
42 398
906 210
883 541
196 208
685 860
38 707
997 121
253 644
550 937
270 267
958 265
343 185
888 710
803 733
803 857
208 455
569 940
505 835
896 140
84 146
107 105
446 479
57 947
547 415
75 823
378 514
7 932
918 436
62 400
600 59
399 934
233 672
440 332
668 531
267 817
550 263
328 201
476 42
182 741
901 526
774 609
149 330
457 634
233 37
77 561
747 122
603 35
178 757
918 142
821 894
386 823
352 576
357 523
950 120
610 235
690 461
976 770
444 959
438 754
621 873
314 390
189 246
884 932
696 351
614 933
148 379
276 814
219 309
206 350
141 659
761 325
670 557
961 471
442 788
73 520
987 946
782 245
211 673
571 283
187 415
287 220
804 882
370 228
951 981
130 420
224 427
787 782
70 446
215 729
848 457
651 168
473 65
878 9
25 630
618 450
951 791
281 667
449 937
132 869
915 975
278 245
188 840
606 998
350 132
725 534
674 870
745 594
322 758
304 679
622 741
292 507
623 824
774 815
385 363
272 28
611 667
277 989
693 627
935 358
519 289
856 501
638 638
726 142
627 224
399 150
144 567
71 926
669 247
111 876
246 322
830 927
593 339
434 589
367 177
985 617
753 213
924 781
795 318
17 309
723 362
272 868
482 40
363 982
233 70
602 755
193 821
259 295
154 248
702 265
301 222
650 697
94 609
547 82
316 54
988 201
713 448
967 856
111 764
634 405
44 527
695 400
858 781
136 468
36 906
816 768
185 698
737 46
244 362
165 222
30 690
901 461
300 136
560 927
539 878
538 682
981 165
652 423
275 572
784 862
338 790
114 490
190 484
518 184
878 545
718 992
679 147
598 356
330 371
24 283
997 984
66 811
722 311
426 91
104 981
208 88
439 330
595 853
693 82
811 772
807 328
826 565
516 764
215 827
468 642
108 451
524 412
340 181
416 226
962 723
927 72
44 815
496 6
921 178
