100
2 74839
1 587 688 43619 68765
2 40322
2 91372
1 559 344 47824 54986
2 83256
2 8564
2 52899
2 96671
2 86998
1 704 -277 77916 81800
2 32293
1 629 744 41120 85636
2 79090
2 26343
1 307 76 81090 82527
1 -166 971 85579 95732
1 383 -965 83230 89679
1 -786 -417 25765 85052
2 1633
2 56645
1 125 -907 72798 96605
2 28003
1 83 78 69264 75325
1 528 13 92227 98260
2 3219
2 71083
2 96298
2 34311
1 451 -733 7720 30017
2 10279
1 -100 951 70835 98147
2 7031
1 -126 -285 79481 80885
2 37683
1 -886 298 60465 83225
2 8966
1 -279 345 88717 99264
2 94028
1 -608 -722 63447 89128
2 72459
2 20935
1 456 725 43745 69497
1 642 562 81906 95587
1 470 -40 81523 92063
1 -939 105 78636 84931
2 40231
2 52742
2 29503
2 57680
2 83433
2 18883
2 99954
1 -211 665 92845 93548
2 90968
1 -299 -825 36072 68297
2 18289
1 758 931 66096 90920
1 309 -91 14900 46753
2 6848
2 93976
1 -272 95 43042 61180
1 394 753 88216 90715
1 312 147 65046 84461
1 -696 -697 61067 66331
2 59972
1 -642 619 25271 46547
1 539 -544 84906 85599
2 60418
2 88241
2 98610
2 3284
2 46278
1 607 -653 10639 12650
2 82603
1 -679 401 25801 39765
1 -674 126 84215 99157
2 75690
1 890 872 7716 64159
1 393 614 54486 76001
2 62008
1 -849 -849 8864 93992
1 -261 -441 76060 88467
1 -1000 919 89011 93017
1 105 126 15081 67280
2 68427
2 20436
1 731 743 54306 73926
2 48703
1 571 360 42259 43103
1 -818 555 7025 56057
2 81680
2 52060
2 22770
1 17 981 88430 91440
1 -850 -130 24782 36333
1 -145 -546 79031 81666
1 26 -619 57255 58590
2 68541
2 13670
