1000
74 877 467
349 699 112
289 53 727
468 85 330
107 450 523
433 842 397
621 429 535
899 588 296
636 323 761
569 387 942
149 676 764
559 994 206
726 28 753
218 488 837
276 335 789
639 526 469
460 572 467
202 202 108
271 27 610
194 91 990
141 225 776
633 948 547
324 669 556
794 845 341
5 920 177
383 987 772
119 118 894
728 847 456
131 724 533
518 807 447
761 131 486
34 177 756
164 651 422
568 12 332
115 362 359
609 931 399
966 517 596
161 642 191
637 725 141
815 960 626
264 342 184
604 276 549
637 47 599
938 295 669
124 692 490
344 661 836
768 939 818
264 269 69
492 600 420
111 509 320
668 832 341
152 308 872
803 881 369
467 997 921
938 45 261
922 869 797
454 4 257
508 367 30
522 949 119
608 546 81
749 112 782
644 273 988
191 448 21
792 408 989
279 759 248
352 570 926
981 282 647
899 55 568
347 72 383
615 916 110
547 546 226
537 341 941
774 988 428
281 302 567
263 463 182
373 311 244
294 89 764
290 860 449
756 957 367
399 857 780
806 55 656
34 271 534
28 966 687
396 608 15
730 825 416
844 558 147
174 84 735
739 641 275
701 979 753
342 190 915
544 678 932
633 517 714
938 620 469
996 781 579
339 133 258
572 890 538
888 406 933
789 124 909
726 134 971
74 822 377
250 573 228
164 564 658
565 18 795
76 452 161
784 751 221
732 802 856
810 496 842
723 593 994
977 746 844
17 153 152
612 537 630
882 803 936
3 493 11
677 3 57
64 958 585
449 29 655
789 606 688
16 308 722
442 953 846
842 910 159
252 132 377
716 995 955
538 489 403
415 225 961
660 616 270
570 325 294
483 546 881
747 322 689
128 414 849
294 210 640
361 642 268
431 584 750
356 685 445
955 217 451
628 634 418
217 552 53
690 315 771
421 731 456
249 103 304
353 983 929
957 465 83
44 728 648
800 413 895
609 234 689
716 222 106
176 984 616
215 636 553
140 658 760
407 485 178
207 454 568
562 89 328
445 478 56
233 356 844
717 168 159
65 240 641
842 44 794
877 544 717
581 352 174
235 743 149
504 540 840
103 448 434
57 75 429
511 315 705
968 687 506
783 649 74
333 252 332
197 657 448
473 880 956
369 944 316
259 164 227
437 362 812
970 57 930
450 692 666
320 156 608
961 341 815
866 668 997
429 326 821
989 776 999
343 882 120
858 196 136
878 818 276
358 879 331
89 881 39
969 19 545
513 671 374
811 655 847
809 113 327
321 554 851
149 722 716
202 110 81
775 328 726
251 420 758
667 530 266
637 826 177
590 662 441
426 786 781
144 80 274
192 964 305
330 653 531
195 899 712
990 10 149
703 444 352
14 775 618
72 2 549
900 795 277
48 719 113
313 914 451
853 469 133
744 849 463
893 385 822
43 814 495
950 495 652
361 271 867
487 477 703
565 278 963
101 810 868
315 782 966
621 735 903
931 122 639
316 989 626
113 489 189
673 65 749
377 70 485
971 74 266
554 854 260
630 303 166
321 26 708
598 668 422
33 546 629
222 966 719
506 783 631
192 953 114
780 673 885
446 33 149
315 53 987
408 982 286
537 681 980
878 151 823
939 948 656
176 239 219
752 212 923
299 272 455
94 170 196
186 686 128
500 556 771
272 103 488
926 249 164
812 238 974
115 546 100
819 512 195
916 727 136
492 232 624
76 393 208
701 955 250
890 196 777
763 633 404
868 730 871
138 681 799
478 83 938
399 722 144
950 752 7
107 521 629
127 318 205
721 755 598
935 197 709
14 727 248
197 451 976
436 841 651
548 623 16
41 397 905
742 784 556
781 765 243
957 163 736
443 958 437
804 828 162
906 880 952
280 666 448
414 821 756
535 419 258
708 463 884
116 301 516
31 553 615
783 437 545
243 807 361
987 945 230
671 439 331
363 289 364
988 806 937
397 165 757
52 205 70
236 712 167
504 961 994
268 14 239
481 39 362
843 333 282
764 413 420
501 535 638
815 873 322
570 282 186
61 926 175
242 843 74
158 632 842
646 309 50
773 79 818
313 389 188
249 40 438
796 370 599
530 675 22
1000 530 333
430 835 411
891 422 180
388 749 976
78 75 291
598 696 110
568 691 554
244 187 839
618 861 83
697 233 583
710 916 198
399 203 198
4 942 763
939 504 834
897 963 679
238 518 633
724 622 899
308 205 349
822 782 981
888 363 762
262 692 366
149 143 566
720 100 131
200 712 447
388 764 573
852 892 693
4 440 888
425 90 103
739 939 262
312 951 229
411 339 180
414 286 219
935 374 112
92 730 732
195 207 684
549 393 755
255 385 38
959 311 96
714 973 64
509 934 737
845 615 899
330 202 77
220 707 717
833 513 39
24 629 617
606 339 936
419 168 140
108 454 293
850 885 147
773 499 626
484 276 824
999 162 722
994 445 739
412 706 542
973 991 36
309 638 438
395 446 700
268 666 658
99 265 822
887 709 802
907 4 698
131 802 362
309 44 709
922 555 777
755 284 87
605 997 349
639 841 283
771 381 461
693 336 27
893 238 882
857 305 790
155 447 859
272 595 467
388 765 398
895 326 794
787 72 519
441 295 759
453 393 346
646 105 804
395 744 398
10 686 3
786 32 105
135 467 35
172 992 601
599 626 322
309 285 575
428 228 907
661 973 863
11 26 530
494 764 633
832 190 734
118 973 42
579 291 351
932 147 378
145 106 104
744 662 315
524 125 671
916 883 714
294 160 707
30 190 14
914 882 92
898 473 904
274 561 632
199 161 701
55 31 151
357 910 414
471 600 690
257 86 872
725 556 548
713 809 490
978 535 631
691 874 189
646 676 880
634 994 592
542 540 542
652 390 148
19 853 362
183 79 268
532 24 461
820 258 294
727 522 246
622 823 773
448 269 419
746 170 641
1 960 828
609 603 349
983 560 323
776 723 288
360 565 650
940 774 695
673 686 356
372 948 200
146 776 318
616 411 449
996 983 65
491 875 751
853 370 731
52 958 144
966 855 110
731 916 501
117 101 137
722 926 71
16 930 307
515 763 214
347 551 551
41 181 740
574 509 304
976 331 808
50 229 464
988 978 485
577 403 506
395 833 726
959 252 233
916 12 354
249 309 54
45 6 509
869 913 219
653 278 529
64 877 8
959 600 403
664 988 431
264 300 221
671 524 777
407 860 38
695 423 133
535 576 939
115 872 478
567 594 37
259 310 973
862 955 282
378 272 174
85 654 653
209 882 540
461 873 391
61 706 120
810 235 563
148 696 307
628 377 945
852 692 81
50 452 77
299 135 559
58 92 778
409 1 660
321 495 725
685 749 484
722 265 576
131 801 239
3 351 88
781 384 821
289 609 143
157 517 397
939 911 774
696 935 975
744 901 187
850 826 841
969 744 500
230 991 194
470 263 961
107 396 531
895 18 864
645 330 41
898 37 201
484 30 627
329 872 130
735 48 479
388 201 655
468 282 495
914 974 277
155 347 823
405 829 780
469 753 740
816 549 262
559 123 77
800 656 539
753 620 872
268 975 552
286 983 54
172 780 523
733 942 875
482 649 71
634 222 168
972 348 928
352 109 868
471 548 638
389 121 636
660 757 518
274 571 783
900 921 793
89 60 595
601 168 998
727 375 585
554 822 88
508 872 838
269 266 957
848 334 26
764 381 34
154 438 358
433 588 366
239 331 554
555 331 322
401 714 210
472 713 786
946 354 627
564 956 118
206 561 69
439 509 908
362 753 572
211 882 824
327 200 475
69 445 214
518 716 685
819 452 473
483 517 183
702 739 128
246 110 875
670 747 956
282 831 505
390 71 214
527 294 377
952 396 963
109 807 723
758 769 900
207 679 843
488 333 829
574 828 406
504 810 735
577 462 761
692 626 934
532 685 740
76 76 70
125 915 948
643 549 936
647 341 345
332 88 72
71 645 35
244 210 672
747 12 367
513 6 931
342 443 586
855 130 174
195 76 436
937 917 61
590 168 907
447 639 432
459 575 524
98 893 871
589 547 360
869 666 678
810 771 806
843 264 601
413 274 769
288 921 462
747 392 355
96 685 521
609 728 311
628 556 896
247 344 578
409 922 67
807 293 820
227 950 980
327 825 564
963 806 174
409 235 458
45 264 129
337 952 284
917 141 820
137 315 777
109 103 638
83 700 55
447 430 550
538 502 693
643 455 933
896 792 575
961 352 940
737 190 851
562 29 699
954 870 761
980 207 87
626 223 398
512 446 252
947 649 330
122 226 34
650 445 286
520 861 322
418 808 733
947 502 796
891 192 590
439 207 942
370 579 670
352 254 305
859 37 706
115 644 576
895 139 83
675 730 385
692 18 651
149 150 111
941 8 866
428 905 936
574 420 714
575 488 721
512 288 821
198 167 243
347 732 184
965 960 680
946 546 414
772 381 963
84 352 458
60 125 411
489 973 321
191 134 357
695 350 613
808 426 337
440 25 441
964 581 135
627 998 186
344 239 564
974 283 305
485 763 199
824 266 375
258 460 785
92 974 235
652 329 63
151 424 694
578 18 41
27 524 786
240 5 724
398 933 232
666 276 988
566 540 427
164 221 29
991 678 146
802 245 277
67 779 959
254 783 706
826 467 641
642 800 679
817 369 547
811 55 840
244 321 614
316 867 406
735 219 197
279 849 645
916 58 798
188 137 67
770 473 145
814 859 32
4 903 821
884 483 777
238 718 70
399 599 58
264 881 839
318 213 814
143 39 880
900 525 773
283 36 897
543 144 372
733 191 654
972 46 552
628 440 567
640 952 428
856 68 980
251 61 553
597 355 329
763 98 28
101 497 509
976 811 278
157 499 76
609 122 472
481 637 715
439 568 529
861 337 789
650 473 356
466 751 362
278 82 11
728 268 838
321 316 14
129 419 223
111 28 905
47 795 569
786 681 331
918 552 28
660 45 657
654 539 993
715 245 239
26 825 535
189 534 697
928 933 706
580 386 42
707 984 314
595 389 989
591 785 783
539 207 688
414 93 205
855 500 637
584 297 967
19 510 823
78 669 399
332 897 298
264 648 303
675 796 51
88 472 711
619 689 396
536 560 775
780 31 490
563 922 175
594 993 106
980 439 971
924 236 198
814 228 16
691 396 116
917 435 61
980 229 514
225 867 340
892 933 283
564 656 536
689 900 460
245 321 829
431 329 349
41 367 535
351 575 356
924 635 56
237 131 762
872 565 473
140 496 402
408 40 821
364 208 600
265 646 569
241 793 157
561 954 646
2 133 100
899 503 376
324 840 81
927 940 271
140 370 280
441 233 697
14 632 781
538 586 946
851 98 32
659 582 278
688 973 644
958 665 962
905 815 767
878 791 372
524 917 415
574 944 115
785 570 510
234 822 636
22 180 810
974 89 945
814 384 362
895 790 375
770 229 664
706 92 658
52 238 106
740 291 506
259 102 495
292 202 464
974 157 518
672 98 88
583 322 13
200 149 191
926 592 338
654 269 322
33 972 208
981 232 69
691 952 288
773 78 172
351 522 353
496 263 155
476 954 575
87 488 933
293 582 228
925 336 909
210 897 922
533 262 657
13 509 991
739 672 199
492 679 415
853 513 136
233 153 750
497 772 80
392 390 223
418 986 669
572 59 964
28 587 712
245 883 931
176 531 328
698 877 690
593 321 757
320 21 756
593 120 627
275 813 218
336 734 54
566 181 995
244 387 652
252 22 963
600 750 170
528 433 637
936 131 868
368 231 940
153 247 701
168 156 45
804 147 327
729 863 342
749 556 192
862 822 296
820 319 680
610 252 946
607 131 401
798 846 680
43 526 694
52 765 507
411 461 46
780 794 317
184 697 736
857 241 642
960 470 441
663 903 9
421 357 731
70 925 668
673 143 237
996 120 252
42 695 630
403 640 200
253 981 176
264 897 210
134 162 327
785 14 798
223 847 323
335 7 50
239 351 833
361 673 694
456 633 232
895 665 751
100 859 125
460 975 769
872 425 307
451 76 599
743 868 284
120 191 397
343 952 641
657 996 939
616 385 997
503 810 899
674 965 91
986 945 781
357 518 288
711 386 258
989 421 995
432 648 311
473 574 444
67 97 450
136 326 156
498 381 40
810 989 135
844 247 166
639 783 414
635 764 69
576 914 861
447 669 891
608 148 329
331 907 853
650 167 472
601 754 192
266 578 729
725 549 763
887 219 814
36 76 560
736 531 188
905 176 100
146 320 100
303 678 621
459 84 161
929 954 44
642 701 108
59 742 942
370 23 282
21 265 475
114 359 51
92 313 171
393 651 809
818 583 661
218 365 548
50 628 733
595 388 29
313 107 731
521 215 997
461 499 607
793 45 74
577 464 734
828 18 143
994 632 400
449 950 790
645 623 599
97 803 757
436 983 973
443 764 288
717 969 535
236 994 366
187 324 519
746 121 602
375 970 901
906 121 375
45 243 361
728 313 114
696 708 944
560 870 517
352 155 964
419 726 283
730 537 257
112 894 540
934 415 592
631 501 953
93 734 199
455 117 684
511 659 814
58 803 105
760 702 829
648 343 248
310 691 227
432 65 856
27 968 885
995 414 185
638 73 86
142 17 112
649 696 93
995 160 58
698 851 896
673 869 744
864 284 635
570 899 850
257 781 846
696 573 886
526 50 505
900 686 130
893 836 271
810 721 310
299 593 217
926 538 877
301 215 542
79 981 941
980 219 92
554 477 605
618 272 824
708 799 11
570 383 421
438 329 594
190 794 679
473 414 612
272 396 496
644 155 93
674 504 886
