1000
798072657 246679355 382899189
754808582 104198053 136325416
618859217 822967487 820700376
173026206 112055228 545463685
785743905 483256812 914547623
655834254 358191652 464037621
667841561 749101296 675573324
801326287 254167164 413843857
34030354 571736161 659501910
97112980 769440424 207702584
448176879 948365032 981201450
306595080 859623857 588921779
532813765 606380249 304834207
556198646 705187754 149600700
734712823 211362614 114396999
494751627 745215401 3090244
484444949 291966264 889486355
260946873 323513395 56105859
515806637 711665294 435022496
181640441 919744568 856821153
96012637 327281710 179093884
591700510 18794770 833246783
950629972 505655512 572311287
563732029 512615132 422331486
89773677 472518348 446516892
278131795 855184024 575385308
987135421 916861972 597173574
770680522 16475116 974521569
459789430 533560917 951926549
142030407 853326241 238494423
487716276 787334802 378792182
614297261 848715178 245677831
864350394 560814638 523542917
830544982 47116225 77564723
840339556 766609560 840264364
586335564 912064426 541805381
345392984 42277380 32466209
47368522 258750727 360596875
571219605 104525390 900384551
910263532 335356949 639797006
153943173 395745879 287409257
392180295 781730524 177242245
836088371 886074190 712043872
606487447 134117865 433237730
943568282 833359268 289894792
710113373 146197290 387518405
935250907 977725079 296037892
571754134 236638741 400893534
138687211 104474359 380798089
433137486 67259409 251000540
18404492 681823792 211333607
484106283 158279360 443754984
205051988 141846879 70026753
194481255 459184257 865911999
717610245 775591517 76945385
992563691 679521131 345102555
117265842 884275403 257990666
290651677 85389047 10625883
486307671 768744535 635671105
118806165 10132263 155722383
987207352 417784838 756731346
919556964 563012270 713308551
295109831 870930647 528909464
554127359 810411311 522900655
618163164 526837377 849073275
45137878 832478568 976360241
223785502 378409769 705622548
220035872 670182010 460263138
118825904 181934261 568472653
295504204 527985132 566034579
982693874 937638157 697184458
284859244 414918047 520011864
615656106 383390970 183550585
755743333 495018117 922214604
818855663 507950835 597342772
588150191 72263116 685423362
800463769 399202754 34685076
771459106 555828167 197115342
488751710 965067805 26375227
980432629 959485552 761851156
130184162 430050341 882673619
600718314 772186219 198495474
450404937 576030902 621472165
223030820 852782081 563675995
865880334 881489135 995194212
596789741 295501848 194506857
756440990 377694098 283153228
838379139 432069691 938446553
69575705 101676579 471468588
63243152 970265761 182659876
975601250 276164802 629558465
117303447 661932839 418807544
72621546 910794274 697374453
335637278 643061040 179468368
721535929 414548717 777556159
832364259 885164572 357329820
894267291 53590481 150137560
808722285 82872407 286905374
836836222 688041233 984038548
81866966 280856350 355126439
19140171 893897082 379213018
466800716 732972057 997738640
655776106 475753174 3311591
313387339 284458266 476558010
753145692 569422962 710730165
961821360 578238211 29272319
366005623 642603231 976900987
60694445 835966373 137050081
850636024 676709331 110012494
762227828 392826688 613084013
57606083 595427792 161017478
507142051 288542157 863667577
940052287 711179187 136509164
306854073 610069705 238951985
734490200 112368753 162335329
448707988 238442797 950235340
553190572 453407680 667300705
310948165 658353684 395083572
750156197 232018015 111122929
259672835 374432007 921336347
904943607 297325298 665653500
263830311 137940061 395055013
969149365 351369706 952819006
401672699 859962837 468199498
182559864 734745694 261803802
603279702 938359932 827548377
841101089 923635558 385966712
658936110 992914767 526042049
298078616 602044916 30571535
755527023 790809628 626807589
799351697 113630215 845957136
216195055 711503207 883564101
988919874 119601349 229821643
979580407 391779414 117347524
950655554 3224366 731797690
560637528 660738659 28576479
767727760 199880989 685315520
891386797 678877738 358924696
513397649 147758118 235744972
450603366 875194015 429939430
688380735 601762202 532861718
162842230 545206842 901911770
482572342 935685452 249174256
181816628 607651157 403825898
742174392 457715535 379109457
588154957 999612244 677103233
887526562 478138652 681015587
603690869 958339854 902419092
233195705 416976211 155376683
829569367 427220146 943085903
408244002 154693260 669655791
227370486 578042615 55063047
744802274 404325895 270107439
785377199 506473456 298846106
775246890 304754960 529650828
946003328 9261568 460018532
853099716 401812075 378601638
363457997 767047665 192251969
70312950 441315258 765535629
505673605 541823825 191142897
452128504 678813316 325522861
116842880 937145934 565954500
585639262 970375906 564114686
541128577 748173643 694685359
356659285 361662016 648521102
885077908 644336340 942627653
651466556 862828014 810143123
891722072 102261671 32591983
53731676 249314354 110353787
793460853 543019971 677420877
837772206 10651590 63782058
600977427 440166125 748137212
372910848 408497768 73453883
168308636 77459993 919404768
423386579 44994104 550531510
495704610 151940552 691810307
262498694 440203688 793788549
689385485 796636129 339383074
198896655 917806999 549714803
595521083 984207857 528427083
228137178 381881872 574417829
823949509 818087115 71359067
488842188 671973096 111575434
560532033 439001999 269779540
117762951 626320046 729138809
384371278 560883023 307403008
689897360 979285058 434526689
608724072 368935143 181721636
710315349 152552704 625505590
199502756 416074612 557189494
437501626 846862224 767580878
276713426 923565963 879536811
437517579 701070480 968396048
477076784 122067182 716182336
723933984 997299598 301714930
721120553 691740164 46410909
586740565 781852399 126854159
336509831 869015765 970341537
237773442 763856958 904818318
327789615 957643716 472516679
637145296 572039484 84612606
759940860 582286188 574073072
560026648 750981029 175631589
78338925 448821918 983584767
670979891 998120269 448316745
688597242 469743398 329574367
796940770 90446467 510964952
345072009 641164921 562288215
518109595 683531283 785247749
398981201 41524303 823933296
63210631 462383923 244195221
942384956 745924515 575541534
63525475 417372917 627592754
834500260 387384744 627589268
352607876 997432376 297175900
130431610 703311448 163983150
925089533 975992769 728191681
246246441 778485762 155202082
701293105 80841572 78209724
417425319 149830598 39885396
680749887 466597080 299081366
36518561 948840283 853632368
729141210 600036435 928394155
445389486 94005823 107408566
296503357 10135787 718919077
280661057 697488437 689103992
119864818 572313934 103912782
460761846 930095401 806770193
175144765 163091630 46945925
860760333 325025540 723965516
637234439 475075570 740822686
729941138 243341711 610895287
990336820 240125173 666445858
799752164 102363275 29220203
665446719 57801759 725418770
185516862 46156460 276029767
893775534 490816923 138638268
842926914 153751196 341889699
637476167 14719817 60138071
582861386 201066749 514721585
894262374 130048661 63342295
985489108 283529872 3642773
807684388 844796232 342453279
669125354 452820542 426480224
591284702 686865014 561553313
685097645 281598862 336688564
942045496 526755095 393835525
159577330 258270520 734639057
533367205 724422672 916321789
16132051 266654522 403599770
665299607 800602918 71638922
43177025 79510518 473693431
564190579 664295306 619868736
891436447 938954818 102379477
692204091 276260520 281083465
96123478 924404244 841364586
105257952 521101349 533649920
645695407 403334160 555548888
338587024 797176942 390951542
346614387 698485946 555694207
428747955 246216644 480210823
155997760 365035648 731936598
301334993 790909002 297133830
137132982 420342620 406483013
813279561 332874341 898597376
785376602 116545387 819963767
813250721 268617169 89638708
712717705 949486909 922186149
56113689 863849650 277901976
143630445 330089224 814241958
105211941 848913257 909865493
344834359 477344787 662859704
759752994 147171453 655492768
622823007 38372578 897789362
352508141 914291169 592274818
864861616 591344291 539343171
523318762 667433645 667886937
672535033 164245102 422325826
655884284 979278824 373617862
587791347 661827332 152308796
786075537 948513253 183804819
443342808 138533159 549323513
970844885 301896742 965581494
217928587 812752908 757544011
207575869 44623307 649758246
527897224 849123482 769854437
814490763 632336991 288628682
638076633 631700842 365679164
680321740 729514370 96691672
748186132 66483968 431837446
312308223 982554231 46485154
325816321 255312033 850329739
178071135 204927260 19916956
315382656 224797842 567298283
464449889 800962279 301393832
797370873 810854036 447889974
675786233 36050763 600962339
199168068 959013736 255357988
2264657 233240265 888107409
671468903 822603668 596891402
95779603 815472010 850101344
842306692 867723620 169614935
338284673 250403100 367367676
91064641 943374902 718577411
542669360 301777732 896045093
918651805 569880439 751410768
602724110 292100566 794939917
638293140 127278512 494923774
243091762 653953239 852823875
47787134 577937447 920400314
337458711 13384724 854062217
464122810 457262002 788555404
778818050 909754780 297265138
205644911 146171038 519762398
243729915 372811098 884800899
850921980 249287863 10952412
171837303 681763361 441572105
587642436 335613415 547034958
533282711 978339598 772424147
198016418 559785274 730824918
649175882 490869221 647911422
293155218 623090438 406568384
599124405 61181583 468666963
196834444 143220420 69674595
216854419 987515705 87816180
341012648 831985335 165622114
19842218 533907318 862086457
601166574 464830336 336554465
138257800 142473004 123218447
816910268 141406402 489574799
209015013 950435009 462161490
593587398 271516194 171504845
107808575 668281990 199386661
543122079 827132364 634536293
481768839 312974079 141472247
508567560 323454329 668373003
285206521 107443827 511399778
470690645 29592557 686385319
996017971 787913028 6443656
157627869 862840660 892685921
21701527 277290179 497677016
73459477 44921063 853235560
779829204 416739210 669742991
167875302 271277565 324515306
278409688 276757020 357715625
969558407 699988774 257883191
458547544 374972287 651109313
587640361 654058960 531941773
551345512 491543933 823787812
645413546 788113120 222045758
417713664 585632545 215019966
674961256 161956963 97442962
989876897 873142490 536889829
378581485 242715110 71915806
741339101 751316591 967987535
411907778 791183444 333260763
367875034 547040018 369644525
774149146 490142300 88469907
319424815 618312173 175590565
713199217 346188490 13841075
920219729 828722364 389956215
120923389 314809513 540798865
986593257 999989499 911852734
278022400 605576124 763818606
441786599 188611124 899214038
799538011 462732755 998494368
233537967 564422401 890863891
257377413 96497643 731449379
782594982 11796756 384604556
284387166 863278761 215802236
590138438 49212342 833220245
198628726 832494905 711501588
859063396 333772685 712694937
966792900 817614074 831664908
367567022 675514049 652295388
701192824 933843821 959481934
244883660 861383306 666590606
622918995 407009263 683489839
664490073 437863021 604148770
939946968 346394348 950862675
587778730 996308040 339642486
30821927 957605865 923984896
216186661 90609515 458553396
495875555 947340271 704858512
54153332 801402068 531136661
354832582 187747199 434959717
254528769 807262913 239254051
302762851 554770492 235895991
406430184 784371166 433439854
63562141 579690895 590783394
739757885 124812273 494525518
575422195 980955568 281142692
7545447 907772025 914206506
290680740 554655671 377644213
701330568 582692790 492344648
659071121 646560402 469879335
203473469 216924837 716641709
74820195 1713096 574924220
180131304 630045926 323935292
120179206 378898052 375638525
317407322 710187763 650991264
781899508 126148149 981485464
313263751 621783681 226734477
729178187 980134651 262575582
346155368 574534564 652752260
337043495 905685875 477880574
723819171 579967964 82655792
28416726 719457202 782927012
461041872 25686971 461489913
575485118 295805912 37081879
284700142 623188968 489295045
56720290 686952953 627642454
995347605 827974455 292972461
389642412 993536937 209549214
392339890 944608499 751416188
434095327 193963450 57208500
823666937 120431517 675099076
841023683 109455842 453239951
913670811 500753201 604967535
138790019 270206207 690664050
497378629 42122179 189247787
708160352 800927156 368524629
80138491 509615610 500167114
736818612 440520667 373619047
634983639 354949635 980936845
886729792 588252739 30309748
720099557 529973291 883696587
93036077 800535647 821768983
175045023 762426496 280745229
414876630 512691390 336445912
867933639 18299476 149052945
184404346 555801896 343470496
319475886 828328802 845082343
817693389 704672739 927530478
439136208 532200749 384535281
235522102 757016184 970642779
908091255 504141529 40528490
697867495 289224218 725441249
873072247 760593154 92160628
923159887 330785266 908463563
926476284 505518207 814058898
330846611 14296710 127083408
428142800 966503495 70161655
769837665 946112218 973579758
365407761 739554266 95443860
308051089 394608944 845071679
284696682 182026506 673965031
348304985 868991088 92665797
198703751 769545495 893860727
820211254 679670176 77299524
462374533 824561653 74505148
128894981 79783613 840729966
685988105 887466665 510998271
392174292 451071823 612097439
789495739 59501988 974448855
135519629 243995015 160366715
808832966 602549263 510864227
248010930 720775906 674629131
35266085 283769543 559226032
650156470 449513227 560234234
263998662 347229148 845274422
816697055 260866936 41374124
344197451 913545922 135334767
774725603 984469603 274233424
59850285 416741639 977805874
168753371 672573172 199242991
276815415 314049298 231536288
415476768 172067762 793575719
100522402 717285371 545898546
839491676 250094049 770008333
770759726 47183594 254213010
773880505 704587389 208459944
728357838 659932705 466034328
922220234 208028672 168494769
902153522 353081496 827173764
254756796 845459462 377651896
975319746 127925120 669438463
11072811 51573552 473764373
786435848 231295846 697088674
725108581 84483855 848916822
164542502 248636995 751964866
125024999 264117589 673962594
935913549 876591740 284042411
39550470 247129391 745770999
377660758 170969996 230708144
372053995 344548703 387151326
455307978 612778479 4116529
577714620 577758652 850351456
220601122 924184617 863900757
638302850 149741438 695960279
469035792 21873594 456487084
673184836 280874012 548968613
420773560 658388576 461274569
961053181 434681865 884202076
317871021 596943234 340301060
984117471 857102413 610613670
471478834 548036442 430778069
155906400 756425389 750763843
677345749 596226072 274285951
409843036 345119938 684639639
891573253 491978273 275463593
899994302 38516445 739833775
400608396 441019858 183881385
516966627 800622076 663653933
349165126 295570278 801002333
596367148 780117964 693375965
938914563 830162158 602811046
704613388 102024976 91701432
519739595 882041936 97574747
707376093 764776989 402891442
663307073 993786079 572589546
239987054 538432928 199770581
922171930 541463939 624015614
518870549 449619528 340794659
288571360 350594992 826727171
79097209 627561325 203580162
727012229 418269031 897678167
781541210 884865884 277671486
965465445 830719767 742350364
433472071 299518037 229489431
742644438 255033727 405096956
444874800 321467204 522063456
718530816 133256363 672761254
667169560 49208976 627376276
532338244 914159547 878615997
210038933 506876306 699215878
970455916 260437937 171377189
937757483 18360499 905964091
998134352 507395196 31089452
799469547 223757748 865880087
250391943 346408203 580329524
303139271 901304975 470803824
422329550 530072538 933627567
535432483 690863334 852837035
273365488 451474906 344240078
535068934 330231560 738239683
765717296 604842032 483961665
139988967 168881871 341980178
867941267 425711676 564227882
827180675 129412810 952462346
214264973 365197104 146195717
76707892 200991888 998551646
118611000 941660100 615764817
265395517 319379178 637964511
174117995 494204701 66838669
302277738 55517047 761888635
344026461 622483782 892732791
114468285 430206280 483302214
999101537 491294665 789404113
953996027 165984799 357823129
115853910 28525174 948639781
683957136 27405498 549406281
283107224 770278321 229515163
387538542 606154557 701662242
849036019 140653487 660295868
92561369 343468035 515843858
433114786 860724917 791932302
861596363 983188407 309023873
195757263 339296788 543644033
840811745 379552256 595457820
703479678 548491889 813910414
78785866 411237637 217792200
530282728 32318257 129297782
289982430 255016069 195527694
683281602 226794278 471976339
977675876 949297726 125839663
734282507 140225403 567860515
987705926 260307180 107839247
483157962 364081690 972043344
86975804 733428986 56726870
148988941 592887414 73010543
235934324 34695863 413843218
507651412 49815181 753400771
188800350 280730060 13908259
782619049 378610966 788878491
801169129 416756465 191697350
264549124 183843307 854398124
31680001 158171177 326585936
54164180 214924123 72643683
820739247 739666676 601406037
274455296 342236728 208935187
327982936 111985669 766504018
42881658 415956578 948026650
819523467 586392635 338370105
118534662 375673341 53028773
373771611 953838288 433348815
456401701 203018461 94630229
671623213 514962250 628583792
695360127 403909289 579601385
219896364 939563959 965993467
541460419 415965469 750429264
849112411 755254577 324509788
879414683 633475586 364909841
52373818 848281044 118376059
914662962 336862767 729352677
934471182 725709332 265460545
489136161 395008533 73014454
796421167 735652040 869044150
692556704 875803182 903534877
304774388 779482939 889279393
136388554 758394992 558729480
649744309 913775999 327549493
763183908 325845006 368779111
794224446 805426616 942984938
647427996 901803305 86361620
307476694 348123399 940104206
524542574 560455121 668250239
289252654 406794939 800616166
563823514 614459776 991188064
877716383 589534286 966211508
112624754 475822349 306767836
216603310 720473889 749254332
719238040 372475010 163820565
29730638 721708502 942868483
38926054 490230349 295434588
603736487 896311329 135271999
699856917 441949925 731745766
440874340 706251461 95248116
325287502 100130908 413494386
207584291 952219875 568797360
237533501 797927351 137063995
724069794 415149824 120592759
227788814 511242787 877630111
774937853 22393976 188196698
882659316 415369280 705839791
692623249 904873270 308004751
859659043 936019195 403082696
170824557 770847694 503810504
242955771 37395408 79533853
103878484 568651000 150874651
131254272 675982611 485164375
199673446 148819526 16902633
471124216 116546739 364274592
275961443 678802350 317641121
130080667 592172381 290536002
629642090 790586892 200947353
726129403 351356674 27376695
249558965 542986495 663667470
652075477 70608022 49804530
561494895 586985028 812140416
603620710 984182750 308232133
775295259 943059617 550370001
335021263 162902039 637349436
747483880 847679997 512972180
761102531 11864116 190949135
339350524 880446976 84208996
256462976 290425615 124939166
888304663 349772488 26537314
438653459 232942125 445891170
27516957 927341946 495243429
996955314 239844442 528088672
518546930 4252398 964643730
398803438 323476216 45770305
386935154 765954927 232531633
247165890 206644601 543006155
523909416 673151426 837962918
811841566 647290016 60744503
897529952 216464414 475529503
465892409 224077161 762367119
693416419 461625980 156103669
476084224 977619929 234968285
760746312 103807491 277339958
447434673 466852129 33812208
208877360 861115508 818974853
536464645 204164257 767694359
240897668 202759130 474731661
278520173 765661105 959842683
886970794 529883389 820016983
740224085 567600315 427675535
117961632 511851718 197780029
259574351 51402367 657566712
411134993 361975120 585920931
689608865 966561320 580918883
842871738 182429059 87162480
875783958 225329834 360734193
879954113 638011115 975269268
114849115 917179231 256682538
130580 691504106 43897314
218749984 924547323 565206844
627665854 658078144 582381310
337057143 883259319 276239864
261394370 604265742 911706374
913818766 891262672 926997248
536065077 301698015 860505890
368787552 479265315 62839129
629797080 253012357 883221921
707186544 22576092 472407762
367754743 92112290 903297209
274831438 484471406 189854783
373292491 546660017 994077939
51792246 529006327 662904898
556506632 368563204 596809635
988385029 299126066 681930877
960365248 12232799 370225716
900060541 33488934 1636621
347986742 92120489 74993016
951876292 111596761 624276615
562309509 268947673 113811391
377026468 591500701 681377409
184489792 638563122 234703185
136325179 909313554 957610942
661242594 677161996 322986416
342103639 596546741 405041033
653133957 631611187 974036768
318110611 17012234 159647580
817594003 547819933 360127629
344952136 65335914 818794282
929936961 228647842 852507716
26332016 555275898 551310569
189510014 234117532 76134208
458728573 669546301 820805939
263798126 244155041 395983136
554782737 349032071 893652215
293899228 316073299 593990378
975481345 961065960 455140462
725333785 383530551 717445582
941873990 817829311 32308720
389457123 774405660 671774778
814131030 46606656 5843156
36059628 714384442 55423462
579009865 269121772 818602429
308705211 795730704 167036027
272605670 196995911 566358889
242425735 702931594 459766565
372510013 718229961 465892383
407813417 197019814 256133655
347069790 337181205 468432761
271163528 106213847 518633266
822261941 14405655 836680980
622737539 110556435 730909832
493264770 628220249 723200871
376945899 934052748 200613800
667292921 865834382 184844929
363811064 75228974 400907045
614593757 746419439 937633254
439826416 248502983 136868648
237510992 995496482 134603890
211550817 112302971 305936785
807820896 335890204 26905429
275966091 939802912 219534894
22272634 617177358 573553627
493697550 573872923 668799189
155376172 156929061 115639466
859452529 270260182 307931442
726776295 691214891 645276436
909352900 765341752 913058381
337502849 721867658 495241145
489597233 438533276 760692994
95716777 764641942 767126974
438872920 175884183 145847415
130159152 959408106 993489124
709403855 2433982 59706771
791955387 384544544 594600372
734883671 556849265 345125708
484980474 926544884 348232013
792542843 961337912 147345279
930214647 380414744 798704657
768363986 759957456 575609520
143608137 481043842 87805884
358362276 421927353 670408229
695553778 45426260 763281688
71713295 761021239 140113105
29734308 165753 868211619
408816753 233303389 42823287
705293705 910198553 779434188
255735355 219191977 704580876
124836642 762860756 327361943
621155459 756036926 277334135
329959527 910994573 957144144
726789492 4182845 987083388
612885490 251692591 830994144
197307546 203493552 78898063
129353793 724568534 513678565
984418147 993718932 687574628
161704767 112057540 414549912
833637060 96078276 245562922
471070675 725264260 697456180
599555786 857269083 610932880
165997333 122495103 105137441
859279204 998997979 753973683
96889373 69808929 333882820
357078583 853607258 757901369
628984381 785866095 177905368
919585635 722672739 163789960
656189938 337234731 520947102
741463146 989747990 982581137
458252077 557099582 24914722
283289033 28137017 639006092
523029861 78844486 410691380
663946492 231771136 175554418
432504521 286319692 806195787
810509806 637186444 154399917
451136603 459426199 594641624
908705907 355756362 115470851
75687244 89497738 761560213
206014003 471865558 580283317
51479403 239081185 486082353
84062198 171221433 590603969
942176729 890358821 194431950
705118513 67592009 784597145
114722310 799891773 662902475
432092573 439662462 813650290
976942240 60978603 777440440
734193559 789459025 302339317
495712606 507969865 799467751
662235717 882812597 368704535
584698863 153443467 592651209
452815876 67358160 896591796
757362304 629463298 175913417
890215692 143780299 713847331
16531717 807932734 398823140
229405480 656489207 194126353
132774876 332773543 213926602
537867109 142117376 363579344
433200272 76739607 861216534
972468605 977735296 739476205
941796155 358634042 924717942
424146759 868838278 817331802
134293139 932456931 204875339
86340010 81767915 701210246
298242420 579906321 821517396
530109755 551120095 449169022
11839977 347922125 780046538
125566591 657098324 971747902
582319429 807648187 702444538
542661640 750769230 717390689
679275202 858159813 473150723
707212492 834487671 52752319
697387742 469444932 980676652
782811144 410809162 371244687
457925808 342557644 123506993
620059513 639572212 263636646
564493133 358736332 998012390
420425052 748526814 220059095
721523599 481546591 805655736
916738849 786892734 296417374
407454980 125994944 666659013
954812529 811072318 741792399
524559749 369419022 974025276
579783784 644187365 206287347
979727727 205781334 743253728
730756715 846213413 446355059
394469547 537774172 5548205
435984127 722874144 329542777
609637013 290604263 764751417
72794624 760624728 29287119
269081032 152997899 335331734
427618367 298868262 560556517
700033093 872135483 357133696
545565868 224724893 858555643
671607721 482095315 599364311
252012472 672907310 890844482
150710717 83171630 287181914
621360939 335802899 793689154
852475460 228566650 322055175
630501473 35234408 184874940
192344743 929670012 742790517
425469326 579991057 499941413
508037594 186539666 12903603
124303710 637697077 244486183
660040051 481127177 602915291
894991717 271708247 942297502
644680354 959859816 114793388
628219144 421676115 668641462
746089331 467744616 895592962
557909271 274186015 687893808
482580202 522247362 636485592
250810872 4610166 758575350
792563052 92563135 990764691
620496276 353373589 453534757
711813786 991318156 370930051
270019414 481312936 822245252
108579383 466512536 500549203
23553187 295272530 68046917
211070558 485683712 804352169
810092693 82087027 856941361
568090820 565554630 567416830
60081926 680666684 495336832
391843204 49505601 529434693
546513488 257296472 120477420
104386184 2469141 516914760
309800529 425778748 901279589
154403719 729736036 321597071
368764047 113804160 909186692
168900286 756186113 414641945
280832001 578298717 573477842
536037180 467078922 263913183
478064440 88289075 685023450
385144989 241693686 984895249
930790502 424697572 977467597
736493891 465267595 369044043
101368693 840970895 793386439
508485635 639425642 603823814
732864322 142402587 341242682
657097594 644899989 429966099
873208209 758133321 651737922
57551192 880665324 818014838
25515300 170225300 643926952
918760907 7550550 24812180
345100262 211286630 80074194
489198639 687994574 757022008
966304945 910243951 835268116
605371058 844354867 982288770
836873643 851940670 17324942
249683966 228653285 263806185
656971484 498163150 999998400
392528562 13947324 662224744
72686157 7300637 818706887
14475039 761639931 259607107
92397664 61895345 623448181
580884227 861208333 92102199
821945053 582823915 611819923
845211351 468107571 626837013
286528665 598402349 820725740
321331882 676685933 708274346
123550994 907456227 700120477
676055463 295487134 677433219
938510696 208956991 155515210
50309363 501456466 683417501
494950691 765137854 864561721
86304093 152007368 110803334
532803555 334677549 73525554
351590408 769399023 55888288
605446730 18072071 41972412
534638023 201293178 318973101
329510199 55500149 208811354
598886252 932379731 563924995
984943205 810677070 728231399
985045640 330583346 656206261
571387277 334774537 21092391
140395123 373683372 728492414
880844104 295958449 818829472
406717194 209977170 686649778
861209283 309689931 581504030
873790503 938179637 144877140
161987631 363031542 862328927
335966927 518432887 759768700
935910737 912506727 37724537
856573009 386736251 572540373
40263713 351225173 7148475
218095746 628143946 683931796
411999902 681690682 847840320
456863895 880938198 682038125
504367553 680487026 73972552
107596959 469384372 454563819
52167434 224747295 666590578
208493418 79323336 79213361
249893629 820507936 457517906
287414896 810133253 81785361
940664546 37850676 210318417
124637594 123278013 937177636
537174223 703047778 391139992
608538283 141285185 552013544
316756261 173628997 59123691
97299507 214317232 871898006
914042617 159147322 322624811
960110257 925109560 747711672
291386915 335743200 580470806
468615288 900360242 486973847
32796250 109891495 67075526
261439507 600353461 238062548
633637325 593282222 566096351
199003489 14149729 809130751
386381016 989696303 330318834
332233242 15819196 322947450
359978279 249611115 591260559
433756914 641205608 594204193
167415720 740364356 986331373
548806448 228902962 96109344
58222080 991414138 571762945
543423260 990067279 818433829
527779235 928078519 617702255
346468136 847059657 849149156
150394684 741181490 328490428
256397433 250115939 940941009
379776630 302532938 381521102
470129129 812289080 343099049
924320752 838424648 687764303
779797146 944192956 195406126
417942501 211855485 207319887
735440311 774176674 133471764
803712241 192729471 730658274
562539448 356595521 985972651
41260287 859930182 428413005
923541797 40688085 897105320
879981380 86419063 772746748
849035201 207023050 174295016
786969334 660639438 524972471
153846762 469577476 282063806
743679559 959680118 207081549
180285143 674622433 286245145
999674172 46011383 461649452
122896725 43392732 34584857
3678901 945908077 860536542
525617132 726124644 658212287
747399585 824032006 882101988
520086201 275610416 162425880
861076853 367260156 602618648
991067365 981763217 960643177
159056677 500268473 86256730
