1000
81 70 744363
48 75 614242
95 23 812855
44 51 665713
48 41 410571
91 28 798528
86 48 114597
56 83 418108
10 66 733173
87 46 931482
53 53 840551
96 41 695991
4 47 623333
17 60 258348
23 42 712258
90 79 479364
79 35 843045
27 72 70569
83 69 648725
75 7 75746
54 85 945699
81 8 708416
4 83 206380
27 15 298766
27 59 785500
74 42 13071
80 44 453161
75 31 576307
7 73 761833
84 41 889643
29 80 189576
69 69 554117
25 86 52884
97 65 737819
96 76 477296
5 68 511272
71 98 685980
95 47 770389
73 74 675980
34 35 70032
92 18 993879
9 23 331396
12 26 460806
71 34 920212
8 72 157243
56 46 635848
93 7 450829
38 96 163121
9 83 483727
46 50 71732
28 47 689084
88 84 630152
35 93 224135
26 19 507580
52 80 450463
72 34 167485
30 93 883611
44 52 654695
26 99 655253
55 22 752780
62 81 731544
82 43 41286
5 71 629089
26 84 458733
41 99 988781
71 42 818729
53 47 236028
41 58 608319
50 83 398675
20 81 860199
37 99 782545
32 51 852609
92 12 483155
90 2 359135
12 37 515610
69 78 952411
51 19 38950
66 76 397184
27 83 465895
16 87 254830
40 8 515524
93 29 372931
70 44 974055
37 76 107965
89 88 996416
21 66 807746
77 87 675527
7 84 587658
65 39 16613
21 20 488543
12 85 768524
80 64 975685
60 96 756775
4 24 829135
26 22 248563
98 30 679251
7 92 663354
58 61 747204
53 88 321819
98 42 26274
90 56 370224
82 15 823116
23 12 752617
3 40 660826
86 26 164545
89 27 111715
12 22 576761
84 53 605526
78 33 967839
9 57 238471
89 55 344246
72 61 496064
97 26 77464
11 10 889447
85 86 142770
48 36 608486
50 5 161
88 33 62072
71 72 978687
16 85 417596
37 68 589473
38 21 723012
2 55 313932
64 49 40551
100 87 338074
3 98 632119
9 13 796359
8 99 392258
57 81 442207
52 62 182167
3 65 707444
25 26 77048
56 26 92412
72 83 548391
22 55 232854
79 12 234362
66 25 458042
4 56 996345
68 71 793105
41 15 748539
83 43 295193
8 92 919966
64 48 867485
43 5 814941
48 76 620101
44 91 226580
15 70 28586
91 9 421716
90 69 417651
6 53 127
84 7 711286
80 57 756005
60 12 336984
78 69 644570
59 73 535943
29 13 481703
76 88 898652
100 48 781702
49 6 151734
20 15 239144
81 54 171761
19 27 694827
35 51 507824
45 10 391510
81 29 171439
78 62 281779
71 12 706966
37 63 269150
21 95 113813
99 28 917542
20 92 733167
22 21 45845
86 2 58307
32 47 129662
41 27 688592
10 95 540225
56 81 550608
75 50 765987
53 13 209294
25 93 872910
48 93 227081
91 69 694072
9 94 964556
33 14 310420
73 42 300270
43 39 959525
7 34 440893
43 45 722220
13 84 943907
71 99 617516
36 70 288872
6 43 928576
8 19 449013
65 65 674671
74 45 177462
78 50 542528
86 4 461335
11 76 198808
90 70 402253
96 41 217803
69 64 709106
80 81 427600
74 59 750727
77 18 410490
50 97 406988
24 11 274273
44 18 263873
84 74 283793
93 69 262644
15 14 652619
25 18 364925
88 54 135286
67 17 686827
21 66 406216
91 46 701396
57 72 18354
40 13 403803
94 51 654045
67 60 804480
5 15 65503
75 32 811517
21 31 734340
10 92 28600
96 9 951610
81 7 612672
68 80 27906
75 90 915657
42 21 646714
45 33 311893
78 92 318208
45 41 640826
52 99 354939
93 24 33232
70 80 908975
52 14 458383
56 53 240445
59 99 663740
11 31 4502
92 93 542800
25 53 279609
98 78 616895
45 34 473116
24 10 1672
70 83 274998
42 58 28898
83 38 595771
30 69 500600
52 16 366868
8 100 14068
31 66 648112
35 76 477827
38 58 193375
68 89 27750
87 95 329592
88 61 423590
78 72 608225
6 32 657136
63 83 766843
71 25 502657
95 37 311938
75 22 928349
62 70 901523
41 52 566397
61 77 579377
69 55 455910
6 20 356480
89 15 646418
51 45 111136
100 73 981512
33 31 386702
35 23 658168
58 30 887408
44 15 520315
41 10 659947
6 73 965742
16 29 723963
91 31 201801
66 57 612145
85 54 714595
14 6 847591
4 19 712833
31 74 764252
3 47 589541
64 68 652588
8 27 70941
68 43 872707
66 18 355057
70 70 998847
36 42 566866
60 34 983178
15 58 299577
16 7 33774
27 98 739789
37 96 290169
12 87 132343
31 21 767651
23 14 555323
19 48 756255
82 36 791145
11 23 658810
36 68 428712
34 56 25084
57 90 937187
26 37 522528
41 90 913978
35 90 397905
17 81 584849
69 34 901919
25 42 530902
69 44 962863
65 60 135388
57 97 294329
58 88 681109
74 18 539075
38 49 825265
8 83 612932
80 42 508737
98 11 280181
72 80 148739
98 41 877536
40 100 985841
23 36 397260
97 73 754088
25 82 350512
32 46 899742
43 70 637453
3 98 389475
59 31 902656
83 69 350328
82 63 613851
54 31 133660
97 31 373924
34 28 150784
88 40 712051
73 63 694985
53 86 814929
8 34 662892
39 88 343121
5 23 542775
42 100 126379
43 93 54578
82 21 95159
83 67 219457
65 26 749701
73 49 430683
23 31 223294
33 4 985580
75 70 368111
25 75 514489
44 16 744981
41 16 919589
75 38 415799
6 60 288510
63 55 332807
40 88 231966
97 18 496648
40 81 447511
68 4 471833
45 54 827013
93 95 401180
46 62 664538
10 65 955409
94 35 104925
62 45 534218
46 8 233477
59 55 926137
15 69 688099
14 12 952460
17 81 222450
62 100 417207
90 59 904828
43 33 339090
38 72 90391
42 63 237394
79 5 1598
18 14 371873
27 76 667902
36 68 368793
82 35 536102
53 71 149847
72 24 274150
3 31 801277
56 70 326928
4 96 997206
13 65 456131
33 46 577637
83 73 429849
91 44 243760
72 43 206334
11 94 922063
25 31 338289
71 16 558900
14 54 689698
13 18 164923
42 6 205389
33 54 775184
29 98 711163
88 51 117766
33 73 232482
30 81 330651
97 48 318180
32 83 866666
62 43 848624
13 6 876079
10 54 747593
58 12 668968
83 5 536529
100 16 659276
73 100 382988
95 23 655866
59 73 478122
54 92 289554
3 87 2211
29 42 244534
45 92 636462
99 5 501364
19 30 794190
34 12 892619
20 40 892401
20 57 275452
54 65 375522
5 13 902738
92 18 833326
30 3 260404
50 6 241337
90 22 744557
35 72 943565
23 89 977582
33 37 850518
65 29 564494
8 36 328092
63 92 987794
86 62 30360
80 78 419888
58 98 335057
92 14 270839
38 85 78946
11 38 761213
59 36 868639
82 37 661555
7 51 925807
28 69 198704
27 87 878900
6 90 122094
33 82 561935
35 35 979859
34 44 187836
90 93 820570
27 58 581563
64 19 84281
20 15 106034
57 61 56857
70 53 74941
49 66 5418
56 9 407590
76 9 406974
30 85 448990
43 85 542670
35 70 268022
42 26 485721
7 24 757124
67 98 622252
20 43 466157
81 30 36518
11 71 763527
17 77 34408
24 96 938806
19 50 840895
45 73 364543
67 16 622751
31 88 470260
98 57 980527
56 96 634515
41 50 192402
32 88 357427
78 20 386470
36 29 314507
27 45 142769
84 96 331428
85 71 982746
60 57 805235
10 66 966862
99 32 214054
85 73 288576
25 53 292498
29 48 231944
18 54 227482
55 100 798913
10 57 218825
92 58 665054
22 60 65272
2 4 643624
79 58 972019
100 36 681042
57 18 888001
36 32 190945
77 45 133191
92 68 688763
94 76 327932
96 39 693542
79 94 297612
65 79 842605
98 49 369728
35 5 624029
85 36 708438
80 46 529950
37 64 651790
81 92 143722
80 29 407203
20 19 578991
10 85 251839
15 32 328622
75 44 442905
75 47 179248
78 95 216841
99 41 15448
40 92 368841
35 62 39578
47 30 70230
77 96 196237
34 38 155837
32 89 270327
39 29 664376
88 13 622212
70 12 321787
8 26 728602
57 15 781144
81 52 43939
67 88 408465
99 18 478100
6 97 188212
89 93 46077
32 47 166962
29 5 704793
59 39 138156
71 69 898004
69 87 167809
83 54 279813
73 99 881009
44 100 115196
63 25 493821
66 24 897120
69 91 693667
20 76 363333
43 48 23001
37 10 829211
92 40 434950
13 14 211119
12 56 335963
76 88 82503
98 42 844591
72 66 780731
28 60 656223
15 58 535191
53 44 183346
53 30 983867
92 10 43868
63 2 942034
24 7 269560
18 26 795049
7 2 520325
74 38 358952
82 79 612954
80 71 916514
26 20 194993
19 4 114517
32 22 109428
67 80 969643
64 13 996908
31 33 167360
55 10 875577
86 93 393448
51 27 202460
20 42 972673
95 2 604354
100 99 749734
25 83 380510
26 37 650052
51 22 774976
91 79 438977
68 55 854681
53 15 27856
37 39 580068
91 14 133130
96 98 920883
63 97 648099
55 82 317893
43 18 870822
14 5 76939
51 27 98992
96 13 60444
76 39 219529
69 65 294626
26 90 781007
14 5 257646
18 49 67945
14 58 19377
65 93 891658
3 46 274083
85 84 816492
86 44 833600
92 76 738317
35 73 875304
18 23 593409
50 7 77646
58 22 264919
40 22 656809
25 16 307431
66 13 319611
23 35 998385
70 70 558353
30 49 789875
73 62 738030
61 3 743788
32 39 607210
29 43 930487
89 94 130343
36 43 807350
2 74 17648
7 14 829016
47 38 372579
59 64 621567
85 44 742129
71 70 908412
47 97 756567
34 41 159084
77 72 976183
82 31 760240
20 98 80163
16 16 915212
96 47 580664
3 43 991355
94 64 657374
86 46 641573
61 73 285254
96 32 50197
80 93 742145
70 97 451887
65 99 645744
82 40 51146
16 42 582565
50 51 738995
19 90 320791
71 66 995249
7 70 898828
20 88 259238
99 90 587310
52 69 211526
87 91 250388
31 61 925136
86 87 363745
21 64 76996
50 50 227835
7 47 547737
38 28 654474
56 23 615279
40 37 587934
5 25 13818
98 49 985626
40 7 725238
32 50 667267
29 58 238017
46 2 714646
5 61 587076
57 42 323092
3 17 230404
6 51 455860
89 51 986023
63 42 98166
87 67 760564
37 43 827206
63 13 173897
26 4 557831
14 17 578293
36 95 864126
35 82 582252
34 88 374541
87 95 494602
37 8 843603
35 48 13620
80 99 496045
73 25 701690
17 82 717275
15 21 457632
60 12 79851
85 51 571906
27 86 133309
47 72 706854
71 11 963469
97 98 437392
13 93 749147
83 57 292071
84 38 90855
97 99 768003
29 85 984653
87 65 862984
43 37 782228
53 54 794580
30 26 463605
51 45 572188
17 11 821025
32 36 122010
25 51 544130
87 94 993824
11 35 747715
64 46 951196
48 91 991807
68 91 171515
21 16 102673
19 59 85747
22 11 897856
60 49 71303
62 7 735742
16 76 712049
15 53 471974
7 32 352145
74 19 81222
36 90 394849
34 8 243471
15 13 751406
26 94 688073
26 68 267759
84 91 827812
63 53 189417
8 5 154464
40 30 515711
21 45 842118
81 24 102790
64 65 686991
67 99 904761
62 99 482126
70 81 21192
35 61 777755
89 89 454362
45 81 781838
10 66 686570
48 17 707586
63 12 716239
8 16 370017
46 35 591382
93 48 559121
6 35 546119
25 19 68041
78 15 264808
14 63 263690
59 100 127108
60 95 369914
73 9 987059
57 85 911956
9 18 819816
31 93 49130
61 83 336867
9 99 592272
17 53 869351
19 87 817222
84 28 902524
31 3 25714
68 67 50578
65 81 528445
91 84 923831
3 56 211771
12 45 468032
9 17 419971
21 44 194500
32 42 627989
23 99 534980
44 84 855276
38 71 338935
42 57 439848
70 76 122623
80 35 3557
56 98 484086
20 84 774864
66 82 348300
45 79 704624
51 94 802680
71 74 303660
80 49 966676
66 6 342993
2 8 219479
81 71 262814
99 72 29599
89 18 333244
21 66 880773
42 34 615036
32 11 196281
16 3 152072
39 35 465388
89 96 295253
78 19 679648
55 56 580704
68 98 510645
80 58 3233
34 20 327472
14 2 504799
3 8 462660
11 62 488444
89 54 364862
93 74 472618
97 12 498989
17 48 440499
74 95 471930
50 43 668593
68 86 146094
31 87 995509
82 22 738463
51 77 14374
9 15 442617
51 86 515409
75 84 450806
20 86 782155
45 21 987115
15 51 543463
45 73 948090
37 59 154569
54 88 4084
97 15 826130
92 77 171790
48 74 685217
4 76 411793
81 11 87400
92 67 251266
16 61 590788
52 65 911745
54 24 878138
26 18 68385
99 33 40404
56 81 801568
53 10 245117
82 100 582901
65 25 986733
40 36 83387
3 43 89961
10 19 322352
99 18 644820
39 22 57737
11 55 960531
98 90 818136
3 9 722419
16 60 729882
100 7 812967
72 42 534213
72 79 519474
26 69 251345
13 89 460082
15 45 180165
78 29 447193
42 16 295666
68 30 255267
74 27 494996
85 25 448422
5 22 628834
95 17 958481
62 78 589671
92 3 186473
72 42 622299
58 90 952735
34 77 636792
10 7 35214
87 8 679062
50 71 444636
75 2 656772
21 52 888929
41 78 128177
82 59 873303
17 9 477733
84 92 266216
25 69 135017
18 16 839139
91 26 43577
79 28 352279
29 69 869984
13 10 326057
37 83 717659
68 43 929566
15 76 194235
67 12 754635
37 71 802263
24 29 74349
26 57 637826
77 12 461443
55 65 538203
55 89 991139
18 69 817259
4 10 7129
99 16 177670
69 48 48345
65 65 31560
17 42 884458
58 4 142389
73 49 158813
91 34 802957
45 41 686675
16 8 288933
8 39 616236
39 78 393526
92 76 684242
34 7 75022
63 17 809068
97 12 585207
35 44 649117
32 12 344117
13 73 507778
18 15 10781
38 19 889861
28 94 332235
39 18 529719
59 30 621082
57 82 316331
6 63 298179
68 57 668338
48 28 273707
26 19 964066
80 9 192431
49 9 791093
4 73 413539
74 98 447722
85 24 34014
81 79 743234
55 67 338362
84 52 371888
92 49 211
60 37 893454
93 55 709529
26 16 854171
81 50 91266
18 74 394899
77 33 62947
77 2 63740
98 98 776452
99 18 167260
73 77 657651
72 80 418500
18 77 277624
30 57 305822
21 15 345000
67 31 664425
24 27 432968
3 56 781754
63 35 573486
24 6 647375
53 65 731434
95 17 290125
77 61 857356
47 36 173
83 8 252973
78 58 6606
9 87 934747
30 57 771449
72 10 52732
21 47 32822
98 98 509039
25 100 988877
86 37 315783
62 56 658767
31 63 58784
74 48 88093
66 49 315977
39 96 42343
86 48 102631
18 65 68736
2 48 859583
92 11 308899
11 89 692152
31 43 86131
36 58 68076
37 39 195193
52 74 577546
44 66 344636
47 56 14761
14 49 333922
64 63 346382
83 86 509192
92 71 698483
23 89 726645
88 17 399884
98 82 742609
21 62 74066
46 52 246643
73 16 970836
60 41 931867
87 14 400668
76 39 982034
34 33 699421
96 31 999128
61 57 293634
87 61 193018
57 85 546862
31 86 76542
95 29 653421
57 22 211472
84 16 263887
89 13 487507
55 41 674259
57 9 622566
94 66 565041
90 64 782951
55 99 44146
72 38 219256
11 79 27561
