1000
81 70 421794443242942925
75 76 191024433184208312
44 51 910361610089339109
48 41 236286653825971061
99 86 126000941733794133
56 83 582678495134110680
91 87 465053459906921273
96 41 20551601750766178
47 78 531420354197354175
33 23 982111878433231534
42 88 697047297418329667
60 79 926938511520406901
27 72 735967729067661103
69 81 665578987103412277
7 11 62064165579629819
88 4 226917732158748861
27 15 226635285015881282
59 97 655641437066060080
42 3 384605356088422964
57 75 263794562547938982
72 7 837645283691027629
84 41 704899916256890015
25 69 609259182127232791
25 86 860498914173338060
65 92 673029525999399023
60 5 602170133641937636
64 71 754244080574066409
95 47 643768124257423978
74 84 301811072436640415
10 92 364374847050787983
12 26 960990039923863250
34 8 172891200757827389
56 46 826606900131696384
7 57 854409334465617640
21 9 531863871913761007
46 50 240287851248567531
47 86 742186337524180890
78 35 246440029615165121
26 19 451802167589455732
80 56 291538293617963797
22 30 384788563209337397
52 81 924615732775148733
99 81 481376442424782128
22 93 717089416792647454
91 82 45394988201745759
5 71 221499351591424915
84 57 879956620364455803
71 42 463931298241747466
47 30 351961419816713281
58 76 438348659931015353
20 81 317782967307105564
99 97 444361457809301997
92 12 800168944847896106
2 45 969907992100476549
37 64 944843535519318600
78 51 160879381719899675
6 66 436709262086300660
27 83 131068638412043452
87 33 60243205452574923
64 93 410042534411395943
70 44 319090192609603804
76 15 987397556751512095
88 21 888126611088312952
77 87 49833335776376847
84 73 341568666599115861
4 21 537159182251199635
12 85 709356196164848597
64 60 832083185850738496
4 24 222289308565700354
22 32 256897081127955202
84 7 729366195299091549
58 61 928316081253928695
53 88 867391079359558113
42 5 491468313171507932
47 82 905026635650736437
23 12 17690019892206375
40 82 990226436870480549
26 22 226948879473135579
15 12 634156182546843363
84 53 686735431677865442
33 9 262202622784416969
89 55 981712667805442992
72 61 858421959998571811
26 11 77976789433109696
85 86 416094718529318053
36 76 31926967438604029
2 88 68249329191245685
71 72 132661871515791940
85 52 320907354744685999
68 73 330961735565819766
21 90 8101862748775345
55 40 428402803517962621
6 100 371717061405718978
3 98 65223912817128062
13 99 61795120976892286
99 49 502725384270772051
81 55 545501212400568701
24 3 983893030915751998
25 26 490057594150293051
26 13 634887116431784061
83 68 931711141540942350
22 55 968303927115898479
12 30 214502029104469628
57 4 602900553583794196
71 98 120243696732110173
93 83 324568248987640683
8 92 565598977053549791
48 43 896037827112056199
48 76 381124267831743320
91 29 31430912287497226
91 9 794809559850238999
69 52 44302896806004580
53 2 742496882142789429
7 88 831236315790735966
60 12 370518251542039746
78 69 516606374174369227
73 67 245782685897274109
13 60 674546359180689555
88 100 859491427858057691
49 6 168501295744510124
15 31 715746214445754918
54 22 232137670057644505
86 35 558358484717704824
45 10 712907114667142291
29 22 691850876226428494
62 36 623719689665254882
12 88 323963941107947061
63 34 843291703660621918
15 99 167403221878280171
92 91 175118302828428531
7 86 64109653987200759
32 47 357312868349636463
27 86 842454768774118691
67 56 605400888858168704
75 50 104474548633014708
27 25 959775647267902553
48 93 611413250710461806
86 9 115791507592569774
39 73 330150585466770444
43 39 49913055827614171
34 55 392353596103114549
90 13 874552796597221769
77 36 317619177507836662
6 43 960212192764104008
8 19 572906673000108501
65 84 653612494498368171
45 23 433076754927722169
68 86 507243969984458606
11 76 617983017341132427
51 96 239477516513091435
69 64 706750061305864588
81 54 522168884880101509
93 77 451339447757303509
50 97 205833461764508611
11 35 149024646353334938
34 84 312033950633118290
93 69 122204048418882403
14 81 150748113027045523
46 88 148748845381287774
67 17 176075567252027741
66 51 399979583746992872
87 57 20180730840778868
40 13 837335229270438341
51 81 527791280327194012
100 5 72021795925081752
75 32 176676167399496574
31 91 816714578818435069
5 96 63889773126075784
81 7 709462731923298654
5 75 893337449286976158
21 80 395893480237996754
33 40 819462479680258936
40 45 354961166710762013
80 52 877603341220556311
45 93 36539812996849922
70 80 999428693457116423
52 14 488084182793777869
53 31 880695127708646936
83 11 4950126905542622
92 93 211650986933292825
53 36 685129569920239914
77 45 520197210106126647
24 10 617320176356462366
83 35 505400231975048910
5 83 655057357967516384
30 69 453474980013247340
16 46 882897035473493651
3 31 712607519791727610
35 76 325493312505525011
58 25 784717280569627877
5 87 362390926748422798
88 61 688489276533009348
72 76 963993985127682951
32 82 929731930610783495
63 83 625842648736315409
25 63 844919641016978561
37 40 188538934939797426
62 70 355177976412321083
52 71 680362898026004625
72 69 501278657246740161
6 20 785910937101533693
15 80 395957378905406430
15 100 262159479043585461
49 35 723664439205037093
58 30 381990486520824265
15 65 78947461653797043
82 6 246769107406676755
90 91 265392355283649850
26 66 502626677273369435
76 85 785706033109433235
14 6 19648911915251480
19 89 655943817488524858
95 3 648208135276881455
64 68 58158343806697978
27 10 595693431070496679
43 66 390390344268785663
70 70 312874317782013311
42 71 295776781687584898
15 58 131959353818455916
7 6 233999039362145863
98 92 849232073483355971
37 12 771566620524611797
18 31 844042180467884520
23 14 162000422013481949
48 94 308609393067942118
98 11 724370321368136537
36 68 289673572818521656
56 5 798519844776909794
26 37 354583435422073879
90 35 437501452086021042
17 81 605509853760200379
34 25 583733335883581517
69 44 981571338330921228
60 18 860026697045230976
37 58 748887869479362063
74 18 330767339322358687
49 8 673925953978124258
80 42 868358942415394423
11 36 710631684690931659
20 98 964861582584383888
40 100 907400257219795076
23 36 859655061884422889
73 94 957119285020537799
82 44 402043303977626634
43 70 17750797502699020
98 49 992481846915261375
83 69 552936506145153202
76 54 146961588450978586
97 31 411134876700041662
34 28 783548098655817240
40 88 996855632559558984
63 86 759363628560788095
8 34 341064558281412278
88 43 198002656789590235
68 42 138955947819604488
43 93 724734126075356799
21 13 585796888673794447
28 65 824305538902602370
73 49 197441134419883844
31 29 23915057564185506
75 70 215407426972814893
75 64 992908329015658727
16 92 127357588500944474
75 38 967741590456203503
6 60 557133009811137901
55 42 348993515314258992
88 30 147171343966510808
62 40 492044422609518635
68 4 909311386529495781
93 95 398620945791700263
62 83 572607947891469596
94 35 549111328705206731
45 67 55275586333003696
30 59 125459086722451621
69 85 98463658972224573
17 81 548942760310153271
100 52 891978558492071314
90 59 373911279446249421
33 43 329203959514756309
72 13 553883124214505480
30 79 966432649341320458
5 2 112178486127414186
47 27 734366172346244389
36 68 722826710911390419
35 67 466736101355292656
71 20 202722832403959585
35 3 881013684511722482
56 70 359461425121571275
4 96 99388910273389974
65 57 404829084207283064
72 83 472624779250679881
91 44 634861188857138603
43 27 837300808068847431
25 31 623124078711477289
16 70 150312005926222798
22 42 40641853355563909
27 33 852323965160646302
29 98 777464022078306202
51 16 644624620230869065
30 30 363555047103307909
97 48 274139208232091650
83 62 933072072967117152
13 6 75497956624758429
54 93 94799671120805087
83 83 589920501313876710
100 16 724882113210734325
73 100 839376755989989658
23 82 643562527240799048
60 54 318368057336333316
3 87 250439826506660160
42 31 937600175459162095
92 79 34691222920255225
63 19 873221312405093166
34 12 170883137317682146
40 20 302863705269648397
54 65 33094790433090496
13 92 916252073972783385
30 3 433361952124914916
6 31 187953162040000475
92 35 633007620923559544
23 89 281109693746310173
37 65 620668529468086228
8 36 556663071831608121
92 86 990189840419001587
62 5 692456092041088486
53 58 368399800861339870
92 14 925132048247520468
38 85 83977047730695564
38 94 520168805650222723
36 82 317276896192991115
82 7 992725126626111615
69 26 769488175570094739
6 90 134244571424867132
33 82 298940123041994381
34 44 998225570877393561
90 93 963715446821202604
27 58 938225407377580329
19 12 118974172414987039
14 57 62515480083503433
70 53 924724210235592793
49 66 488703351540862879
9 51 64263755619449028
51 30 493670591855299108
43 85 298641739877245433
70 34 224342446934882527
61 7 832466943072978090
67 98 165785649980032556
43 58 260871772135079646
6 11 839507620126772561
17 77 198507951133460893
96 19 924574231282988829
45 73 586971724180879147
16 78 774730063006023833
59 98 846704915350097606
79 41 275021415474340500
88 45 308603340354906457
29 40 392127401130570289
19 84 364409801950547840
85 71 528651040110521265
57 100 583496278399479535
99 32 756537951533558432
73 37 465437089725399457
37 29 991746129975098499
48 30 250119702864808008
55 100 76621214810641193
57 28 952974390432313913
58 83 530648256703844777
9 2 707672226633771596
79 58 889030802297270867
36 85 146378047370810515
36 32 944264323337687092
77 45 814320418273132326
68 86 836911086056905824
76 42 340813517902508292
86 79 327228145429467303
65 79 869884554821162934
49 47 304179286233799785
5 78 310552140024279962
88 80 401169126392491934
66 37 561909243479998611
81 81 158024146350220421
80 29 166834441458169162
19 72 276899967462010005
15 32 933098572868152856
75 44 661055709879832723
47 23 693007520095193959
95 28 877906428864518924
41 3 812222327495271911
47 35 541317847461232090
6 47 260613366889017905
10 77 215765579426797614
34 38 277315855573570503
89 34 248610193160539207
83 88 684129548371859295
70 12 59592831463830746
26 90 123182143827781639
97 81 48312048696784715
67 88 963874590851407259
99 18 39211507182552635
97 24 827596954836129670
7 32 183577632569988437
29 5 336053357156029977
18 71 605713533624847238
69 87 184508900039709107
83 54 642529629773517409
99 44 126660336919424524
63 25 581778903091109394
24 69 163802217195386194
76 46 415700570173969784
4 37 911727506019139856
92 40 100937982414973621
14 27 492367955889905064
43 76 778579412858181081
12 98 367706408586200348
72 66 240258051374563243
60 82 506246541495371302
67 53 201592018103255830
53 30 812839937940631755
10 7 556785527713258910
2 24 296384702460275372
18 26 50043514785537367
2 65 327313236646069089
45 82 673951079398175596
80 71 224365861186708892
20 25 18149063509358870
15 32 120318381298593398
67 80 564833352091874617
13 31 279643108321258925
22 55 962708106394941244
86 93 448762343888685766
27 26 165089088711961863
42 95 664495023412824607
100 99 214620579708953151
83 48 225001757084790432
37 81 852095437468217028
91 79 601546927932972074
55 53 30628670676609366
37 39 810469543836011429
14 18 864820242643918071
63 97 485469282926999729
82 40 980912463825347883
18 14 84595677447143865
51 27 902985619912461779
96 13 669422386210261698
39 28 575595494756131755
37 26 858727345999354750
14 5 148112012682390681
49 10 506235537749563531
4 65 976410240659068130
93 3 301357515676109005
85 84 951414918166792392
86 44 813790400702844261
76 92 648257114654843354
18 23 433604756580078931
7 11 180254732721320921
34 40 181197553240934657
82 25 338024140111123441
66 13 192300590687563956
35 70 613916326867128135
30 49 868477786214658612
73 62 531521657809856914
3 92 336364389209024777
76 29 377280350747897554
89 94 309851134679480396
43 100 650093477499698038
4 7 911513668336066705
47 38 518166545700369206
64 77 936448343870447890
44 92 616406265472740782
47 97 359726339888111933
21 77 264405104347519488
94 20 88140274116862545
16 16 850355622291490956
47 72 373578536081074080
94 64 899755832562804484
86 46 534898609810987886
73 36 278715837064890416
8 80 815998103746328389
70 97 568957959086302887
99 80 346804021856743469
8 16 640537186077268312
50 51 161485061050021701
90 41 979321720576611631
66 7 988272312128798875
20 88 881262053942783234
90 73 457104430663134794
69 27 804505711668509825
32 31 532442323445250882
86 87 175900992687968773
64 11 438963646617001166
29 7 602243558482913591
38 28 347822869515269013
37 73 32825936808579795
25 3 428211932024630267
40 7 273840378959850327
50 83 243518503586737355
58 31 400302870453793935
2 89 531763585414100453
73 57 355243841684350849
3 17 37254396945385934
51 57 107935106474641244
87 67 976841755690223623
37 43 911766962704771874
63 13 220038966357039481
4 70 966780547289037110
17 72 839173486304786140
35 82 294512296487993436
88 47 843292345830827829
62 37 60251617827392496
35 48 711058400281315054
99 62 208769718050828432
87 17 788652845454202519
15 21 966754448229138908
60 12 752918766727116713
51 71 230875932508304926
86 18 407541130729034624
72 88 88750978891149167
97 98 480918199628758773
13 93 730949625202456310
57 37 330717583537673428
13 97 844429060882615384
29 85 569054487808795536
43 37 463955869600140659
54 98 258661901328005189
26 58 388667822940991555
71 17 902726925355948787
32 36 214214449325256308
51 68 832785051939206163
11 35 396660654453331475
48 91 601324034279600872
91 22 131528112769051729
14 19 94280847673300484
22 11 525205956300374909
49 10 53488644266693964
91 16 122909386968865248
53 59 277831474538554663
44 74 906619135914417811
19 11 799725351205351782
50 34 267699247280784751
15 13 223018950176467614
94 85 599050515882664607
34 84 910189468063288223
63 53 208266670699067634
8 5 567030890571428197
21 45 716500320512401784
24 14 573002236267692177
85 67 994796334035576374
62 99 616191357839796279
81 4 534376623736910603
96 89 790804294142148311
57 45 859640837986757210
10 66 419983366966649223
17 88 93389556190573457
89 8 406838681650276372
46 35 820143983486398189
48 70 304695223616305296
68 25 74812524073417485
78 15 114046247675265565
63 34 882879114288104094
17 60 406725009419475524
73 9 503227320521932266
85 9 147156406222411409
31 93 538434778513187787
83 43 651210937628834981
17 53 955861820807622486
19 87 738778650782232052
28 31 11760062626102681
5 68 55611500746855330
65 81 803345331046833664
84 3 232845658018368911
12 45 67473001834350730
17 53 384209658792044665
25 32 690481531080518775
23 99 386684098352793202
84 38 372663349548429431
42 57 618508471047981346
76 16 304437881566755661
2 56 866262901227291809
61 20 851972105266315272
66 82 696344230263134463
88 51 882556782472479482
71 74 424217753570162764
66 6 7675614768993617
8 28 621707110151714244
34 99 631631569272549629
5 89 366406538219458665
21 66 361912351903470438
34 77 948352316389631504
11 25 127567151230009717
3 20 305434736492782888
58 89 847675176508551018
38 78 747281656782749175
55 56 594989720338303836
98 64 510836081300170148
2 34 360059706174750760
14 2 11889339126380830
8 58 547195592793342953
61 89 401170395547778922
93 74 97116154417473412
62 17 484334680330496845
74 95 981988031566686124
50 43 597213749253445211
86 19 773927234848252613
82 22 445218400282210304
77 3 903042300430944600
15 56 445999367576436686
86 64 663252746463701720
84 57 760381384370409427
97 45 445119574803182349
68 45 169951166349410472
54 88 122009514291793475
92 77 650853500135504308
85 4 452771280148984862
81 11 817719051476697639
67 32 981046560399383470
61 74 569161053346263862
54 24 220172894911834964
18 10 44425124118662620
56 81 465077835396154569
10 31 883263961298318745
73 65 312084862012789424
12 3 98913622204837076
10 19 874285644333124639
18 80 186432716131353746
9 11 870882271796994498
90 3 794308979939668646
16 60 884797629998933635
7 72 587374312789653403
72 79 222891934158628401
69 32 785387787535892392
58 15 198094402933591677
78 29 367818467030438589
16 38 253291390648484077
33 74 978937266961888113
27 62 208822657053147159
56 5 839558202185363103
17 62 648350883829215655
92 3 631122604274916408
42 77 795452301879037893
34 77 75814786792130386
7 6 746637248102320023
50 71 657965880349412135
2 82 453468901241043382
41 78 520941280435024969
17 9 738728548598173880
92 34 608123226227715354
18 18 922644016026134585
91 26 697672602250090283
28 45 606043938216609466
13 10 732217703834662085
89 68 670311908495807328
25 67 92791762632690958
94 37 882097585253428289
24 29 224428160532798717
57 79 678187348834773237
12 58 569201013818735214
67 55 609735582493355496
4 10 879079822976718960
16 23 420738434563887411
7 65 34701465267069853
17 42 23507732312065015
19 73 804148381042990401
34 100 393749501868815535
41 85 317686073844927319
8 39 340870928079703401
78 50 669835685123530986
85 34 82487793457981815
63 17 980632820317804406
12 73 385766206955794797
81 32 378360703293566807
13 73 152148149093804125
15 3 325464637321988035
19 28 365296450627037008
39 18 513827023057285136
30 77 726805068117407413
40 6 327852027031667360
68 57 930042047898528929
48 28 968937519222797777
26 19 989112898995236631
80 9 432263866147861318
9 98 642723928745699453
52 74 492275591189337358
85 24 720478165588107382
79 92 587439197306513523
43 84 408895963608943266
92 49 938916574834288743
37 93 780136285189780142
26 16 715129564569383973
50 13 943198989718679090
18 74 974040091190702812
77 33 680185144767561428
2 9 869129705520464050
96 99 183904452866343647
73 77 636623312554768280
80 53 682415122131944944
35 30 336255942109865057
21 15 587238132332267453
31 83 205572656681444649
27 54 494690575117911843
97 63 630555454188389801
24 6 465143199871859668
65 91 138323968980337170
37 77 942673966884558689
47 36 729757167414596603
8 32 692912549572164151
58 2 772914266058409957
30 57 635208860031228508
10 8 410997764944255172
6 98 213340296216769974
100 86 347208065094813739
62 56 268196216135021532
63 9 96860052480283142
66 49 335305001421544890
96 7 416430097588878882
14 18 75576458570726173
2 48 813373028772346033
11 39 976230235465397347
89 86 262728667953355286
43 12 74851313246001423
37 39 957104703612098758
52 74 379296578684364301
66 44 407269542812157555
56 3 111104060077649176
49 42 555402997895874892
44 83 559862914162556779
92 71 190537886739570798
89 90 139463032712024737
50 98 816507679753093753
21 62 397336676215892250
52 32 129167037821306289
60 41 772499062262970393
14 50 674611294578419120
39 34 769022481040379507
96 31 539875524888857956
57 37 770526792147854570
61 25 756238554642713182
68 31 84159466107518849
95 29 496880929449891390
22 27 130379885422965911
34 89 536020410090473769
55 41 498013967677732786
9 77 830733230692689920
66 70 566630270927902710
97 55 48539730793531385
72 38 85513654459927622
79 5 444976157077544552
60 50 776256718007609624
71 88 396501658458757467
96 44 780443631021339086
61 40 478087781814284326
3 33 683872048946137776
67 5 846495329784090515
57 20 229916752104226114
83 81 401170385142329951
27 89 273444761796246738
71 100 889502678801205308
9 57 284607375759905033
86 86 898143662822153502
35 8 819424572998187284
49 34 749947715338907575
25 88 324111598446197242
96 22 764155341706096210
34 54 859821527388710381
73 46 773210760131999542
46 71 391525816464166789
74 81 70348522036330427
20 74 757460006152846437
52 12 401962662688577748
83 74 351420673927642097
63 2 775891862026850314
99 56 353170116230249792
11 34 954425377244733515
17 30 103088022240928202
32 80 32791787844064977
27 93 355282216087600415
44 8 378803400076157438
26 9 518273523188668118
93 18 886401517604312263
21 79 109054887486649379
49 39 159280886498839117
14 2 865487114230292209
89 83 478296312810723904
17 79 927394444364705494
31 41 526097208155993735
88 72 289197131272532720
100 72 708229504205728443
82 42 598566484560284738
71 10 349028814829263272
82 52 808330672038995780
39 39 67228873109119253
37 75 284092359165514396
84 78 361972033747299944
94 14 207435372507120297
78 44 364969991981074151
90 13 249559153801389295
20 57 465065355605024581
14 34 311409497352704225
80 67 356039724827214592
47 90 548565044932552350
24 41 209069149490694191
92 3 581074687846085083
67 82 231493562589163926
49 62 127867921943532691
84 5 192946814604971758
62 81 822704722271798725
10 92 795274419593680280
95 29 507499112859831570
95 56 198844793173986398
27 32 154126694631829440
63 5 539713401966551130
36 11 660499687913145877
11 22 141862294347756015
43 68 117251854372742054
99 23 478005719806382894
83 5 251927739772227299
78 39 799554866708646568
56 93 189001103220958973
23 67 14899946737412507
30 28 33486567769871939
74 78 562262897349422751
56 23 944741812203605193
23 28 472992357915234702
67 9 542205666575121493
26 69 109748530346155376
22 28 551143141374667938
69 74 350038032634536694
85 85 470420683551078872
100 92 492110347444251290
65 90 237437469069198820
62 90 958889949460587119
21 89 680025147294645721
68 52 824316222628634124
51 46 497700730636054780
96 99 110870500262019659
42 14 625101929857138886
44 82 106422785023541593
34 99 766518914004859067
72 5 428170676256244157
38 100 890240956632161165
8 90 732299061673750021
21 7 996702870137087782
41 100 919249159067848260
51 23 337958464234721248
36 71 825850709069306465
100 24 267218821224680500
31 65 859927872007548782
21 81 240639166198932158
40 17 546620871837133336
68 100 523160287811979697
31 51 256246381109109553
36 85 583480391532797346
92 2 934558716618849097
89 100 951597216804010882
70 50 860295725526758479
43 13 361797435160852455
48 78 207448225955607244
63 94 595230138529960476
68 70 277352240823544329
63 75 340035669089820939
93 30 534398688524212103
21 89 725833758124210812
67 91 636255273741665590
20 6 734971849321028290
32 8 789867123006698399
19 10 543751805037721719
23 85 960512671009533001
56 51 455457070603865490
28 83 709321777594745082
22 11 5807474979713806
2 60 395102810313287925
43 6 335932628512361114
46 7 454222991742775831
28 56 276739109140377678
100 14 508776476979145328
19 91 910828020189242868
10 96 339970015817608862
89 38 255185176493886115
20 58 204445475418660461
4 70 227246797139669140
98 60 307519852907218472
100 6 130219246555293780
3 48 274632525973103389
59 78 905801877062795820
9 82 644625115766952531
71 3 633626396916363602
94 42 173764160964371259
51 31 758277831489679889
65 25 358504036381399505
59 13 413874554242384801
34 60 148330076166930660
11 95 777442382274859080
8 88 121444798291450190
4 66 934987240221982317
34 99 425858125373780876
100 92 126914942818030953
51 49 472023191127356674
10 71 511151639959612680
48 9 227840967675932524
50 10 479082679257118614
58 25 52759477325831430
6 82 229721760360598552
98 94 862762580752549924
41 33 532898782613733932
18 7 382848020274138535
92 99 163848444253096963
31 58 748696683607868911
40 30 844847079509644860
37 14 38467079150744745
61 55 695319698750193030
76 9 962860953298506459
87 97 423028733555901473
52 2 872613800548937242
57 43 193133852927876776
71 76 507796587892653995
95 60 965345613014780906
8 22 77240301564350118
7 49 400163523753649613
46 21 551884297245809379
15 52 981708168137378806
82 40 58160257047587832
5 16 974570170158517837
92 45 874442099201968908
69 100 140487913238362761
49 30 948882427103177791
34 20 504862037166207061
38 88 800142259648722915
53 35 631440944757409316
39 2 546356256920224159
27 47 11768840553541799
56 92 874586428442177693
20 21 453024007630314127
51 86 28882722878769532
89 52 468457513749026261
10 25 81019085126724520
48 69 977203524340687207
77 19 920663585979422756
91 6 535084184870739649
16 36 450160609424341207
51 12 297840026173768027
100 87 896517255931930265
16 65 614329390370303526
69 15 815793762387018218
96 66 601169181733379001
88 11 559437445958129381
62 67 918234996456425122
6 15 485318218308008625
50 67 95499804933496544
62 47 437179796255067409
18 98 210149367969493229
29 7 213701344923189161
93 58 526958953306285051
11 26 305589526134917392
52 80 306115798621914925
18 22 562040465904397482
89 72 114710742536375578
80 10 908496818800867314
97 40 776795126226331840
30 78 948833364331374663
91 42 619018881899625487
44 73 66626703134491476
27 92 52044757838850866
84 14 266457382366201830
95 49 152252483081691278
63 63 532744245876197914
21 14 992812819576659168
21 91 258659630095633407
23 94 278323298559220719
99 86 911660138388581628
20 47 403155846742984284
41 28 654204211927263399
57 47 920930361609056986
4 8 983975334554738436
58 6 791192269792360907
97 18 92043147521908619
25 7 911803416229089142
70 26 553879259119754611
27 52 337829744169444990
27 4 30311263202293804
36 23 139951309256255695
68 38 945887453608693745
40 70 858003038198865370
52 89 311982851194067091
100 42 907073314507867025
30 52 721555648245120814
75 59 286735663363234455
75 28 613620882782801358
18 65 93189703971244450
48 38 184861790283919354
50 33 449940462457856729
30 86 138957448089529585
69 63 788114694838685549
39 27 862937085524720354
62 37 965841750047377596
25 24 289182263038995747
25 54 948230589357397246
50 27 32963966633809892
49 80 605118609157797683
66 43 523050589535246822
85 25 594970596474008529
14 23 190875397963154284
