1000
663307074 993786080 818435896335669157
392826689 613084014 843817293559769330
177905369 832364260 383679971942082670
411999903 681690683 414873455975207165
989696304 330318835 236286653825971061
817693390 704672740 126000941733794133
456863896 880938199 459714829437652403
966503496 70161656 806132322446438431
717390690 373771612 465304747640466237
433114787 860724918 922412296625436215
333772686 712694938 959814681224034602
379213019 638293141 531420354197354175
264549125 183843308 982111878433231534
336862768 729352678 697047297418329667
490869222 647911423 926938511520406901
215802237 588150192 735967729067661103
564190580 664295307 665578987103412277
830544983 47116226 469780920396557512
701070481 968396049 62064165579629819
725418771 18404493 226917732158748861
211550818 112302972 226635285015881282
485683713 804352170 655641437066060080
337458712 13384725 384605356088422964
464037622 614297262 263794562547938982
590138439 49212343 837645283691027629
693375966 329959528 704899916256890015
194126354 568090821 609259182127232791
198628727 832494906 58146696028396620
801402069 531136662 849125371132622266
626807590 488751711 928089166586695915
560814639 523542918 867205636567725329
702444539 782619050 406530431078897459
788878492 599555787 655984184046882154
692204092 276260521 77001562081458466
761021240 140113106 67906817159953175
970265762 182659877 945372739007959022
84208997 206014004 960990039923863250
271708248 942297503 639335719377829641
161017479 458547545 699123301790154233
769837666 946112219 495692320528158681
308705212 795730705 179353569255238285
60081927 680666685 400409971807286781
408497769 73453884 406314395406878838
705622549 726776296 692860295844751530
283107225 770278322 220809539530292841
146171039 519762399 706939347883129565
461274570 593587399 184151925107460228
237773443 763856959 971541273268280918
358362277 421927354 224280355905370259
861115509 818974854 720459172921661906
998120270 448316746 183421474356465566
770847695 503810505 804341390304202848
675573325 345392985 34860325565392909
579783785 644187366 739375657304115144
469743399 329574368 629634298383896921
338370106 838379140 259516618648019570
984895250 327789616 507360921389231884
622918996 407009264 733891627339701569
408244003 154693261 945799153272261562
295958450 818829473 272909913184604984
413843858 873072248 98956719557110789
494751628 745215402 394873645324606732
92112291 903297210 317295222709545122
527985133 566034580 685059218650964738
975269269 417425320 160879381719899675
39885397 922171931 581392478322080957
624015615 406717195 737284583771340102
477076785 122067183 280189573173103869
323513396 56105860 911739396328016412
769854438 228137179 616776447902365756
352607877 997432377 668659338966609261
110556436 730909833 775963945386053002
163789961 543122080 681328158874806062
721120554 691740165 739143182969778801
601762203 532861719 18266746290433608
159647581 159056678 748596113200440371
786969335 660639439 847616213057158945
774937854 22393977 911644605040991590
207023051 174295017 866791952596546563
239254052 695553779 819567467785656655
679275203 858159814 531449256415777800
765137855 864561722 776180199349967866
329542778 807820897 28889484679781485
742174393 457715536 913363473191338307
676709332 110012495 195881710711525094
87162481 770680523 726585988186147495
708274347 922220235 180919880358891519
734712824 211362615 90261096120073497
171221434 590603970 665783833141536643
639572213 263636647 67871898847478179
462383924 244195222 908614735417170346
446355060 352508142 635950244898269056
495712607 507969866 223868103985701785
79323337 79213362 977957903196518308
697374454 710113374 416094718529318053
293155219 623090439 31926967438604029
165754 868211620 281938386296469484
63562142 579690896 974373701652116548
700120478 427618368 320907354744685999
560556518 603620711 330961735565819766
167415721 740364357 8101862748775345
907772026 914206507 345172779463671996
522063457 398981202 884691635972501817
713199218 346188491 871708241783737032
647290017 60744504 875606401673981002
850101345 57551193 878336745588362159
401672700 859962838 718467877813920037
452820543 426480225 200295441103857510
12903604 533367206 777842921040529034
916321790 197307547 84716147668435645
456401702 203018462 737515693191800693
561553314 842306693 182122649934210446
448707989 238442798 695170516839678766
901803306 86361621 257684139059743405
538432929 199770582 23486592447654972
456487085 561494896 872029129672931599
327982937 111985670 370551046369619368
302277739 55517048 818071693689667277
942045497 526755096 953809867471441936
349772489 26537315 415951200655366796
627589269 634983640 249127446406358673
111122930 961821361 31430912287497226
748186133 66483969 794809559850238999
567600316 427675536 44302896806004580
859930183 428413006 47134382621593508
728357839 659932706 500400549264188343
774149147 490142301 688445592065902114
562288216 660040052 647375362979114016
548806449 228902963 529639012091694206
628220250 723200872 889833862096863552
389956216 800463770 37242814071662343
155376173 156929062 262941823923786405
861383307 666590607 188854202001435996
145847416 216195056 948719731200931225
284859245 414918048 390639153235820895
75228975 400907046 248862360680010734
175554419 885077909 309819782912900746
863667578 580884228 98893983372278833
723933985 997299599 558438306232088518
275610417 162425881 125139656336446823
819963768 219896365 812205576454653309
750763844 175144766 50407802717491895
709403856 2433983 273543022757295688
845459463 377651897 357312868349636463
213926603 705118514 842454768774118691
553190573 453407681 605400888858168704
614459777 991188065 842212125952083871
433439855 97299508 936193354014188220
198703752 769545496 415468459453640154
765954928 232531634 808684028821641895
569422963 710730166 65475277096735356
777440441 987705927 115791507592569774
317871022 596943235 330150585466770444
348123400 940104207 293523953594743429
451474907 344240079 794090345835968576
95443861 689608866 623756901673482398
814490764 632336992 617922439293206308
295805913 37081880 371938098509631327
950862676 894267292 493695139677186909
533560918 951926550 741808856378127498
852837036 608724073 195122118079677339
645695408 403334161 596516076206983863
707186545 22576093 84929982280858438
627561326 203580163 800930349850729710
575541535 411907779 357836019474760012
223030821 852782082 564377095999065451
726124645 658212288 470151840414908771
604148771 486307672 825433160240207173
635671106 137132983 436457812411264365
801169130 416756466 87903984017491732
280856351 355126440 290131702894236170
690664051 609637014 821145581484839833
562309510 268947674 115758573197360889
668281991 199386662 401239461716363720
728492415 443342809 589831630295098520
130431611 703311449 581388695355571382
415965470 750429265 771193548791887089
465892384 591700511 894691917474505796
325287503 100130909 837335229270438341
416739211 669742992 527791280327194012
823787813 32796251 72021795925081752
612885491 251692592 176676167399496574
248636996 751964867 816714578818435069
29287120 789495740 63889773126075784
974448856 667169561 52837735642841989
627376277 560637529 30683760106686859
614593758 746419440 366159542126155671
831985336 165622115 947912809728157968
368704536 265395518 685009175744699300
763183909 325845007 395973556104428506
985045641 330583347 704596110677763694
424146760 868838279 390260054841751908
767047666 192251970 613897027421277253
659501911 930790503 503997627883795065
454563820 428747956 515622442756202255
820211255 679670177 269306119194541324
4610167 758575351 596815949729767558
197115343 432504522 865646132758548781
638076634 631700843 295098008845895917
484471407 189854784 1839418828040585
574924221 685097646 361516589660728885
470690646 29592558 329482053716648600
610069706 238951986 550416304803641586
422331487 118534663 56939211874453488
822261942 14405656 267961900547634253
542986496 663667471 669144056040830901
489295046 303139272 505521756038187578
198016419 559785275 30512227983164244
719457203 782927013 775099494990055937
495241146 433756915 638021895511348638
622823008 38372579 270596330652219079
672907311 890844483 946491751893378101
995194213 518109596 843153351963537483
582861387 201066750 984340844842065090
786892735 296417375 663907640642380985
175590566 950629973 614514564000564063
923159888 330785267 456844211641661227
579991058 499941414 607841327634387639
447434674 466852130 167501315202595775
365035649 731936599 710744974858020348
418807545 368764048 976231773184855548
938914564 830162159 262159479043585461
395983137 284696683 723664439205037093
476084225 977619930 975715535780402032
355756363 115470852 359357282972581768
73525555 675786234 645278394956143913
988919875 119601350 796006798355804971
751316592 967987536 221882950712413958
543006156 845211352 673061118488020169
699856918 441949926 40506416249667721
867933640 18299477 783768327377483841
243341712 610895288 12666669140135574
384604557 603690870 968965121394895926
524542575 560455122 58158343806697978
214924124 72643684 595693431070496679
349032072 893652216 152597368384834963
363579345 577714621 913057923307794499
291386916 335743201 957319492153974871
491978274 275463594 120929910667127026
475822350 306767837 37135206537788268
217928588 812752909 323555986975281451
790909003 297133831 145513095430831115
243995016 160366716 111538669324766793
568651001 150874652 831511743147185034
671774779 287414897 87816364863429649
180285144 674622434 471374806166808834
269779541 461041873 495521019971227371
743679560 959680119 317868265745128025
535068935 330231561 304988216765639148
972468606 977735297 437501452086021042
125994945 666659014 605509853760200379
276713427 923565964 210192760931789482
339296789 543644034 382891526325186268
985972652 532338245 943406745797254888
893775535 490816924 498699270452268780
800962280 301393833 778746567003725643
697456181 608538284 592720025877437696
308051090 394608945 60902948875212027
686952954 627642455 362103034583623622
520947103 808722286 308062297778168155
587791348 661827333 873252278785552622
332874342 898597377 889411277861634740
845082344 181640442 920004710269239516
289252655 406794940 645016379239545748
772186220 198495475 728939422091177648
358924697 259672836 989277368021779480
346155369 574534565 17750797502699020
807932735 398823141 992481846915261375
838424649 687764304 385190201419754800
998012391 671623214 674936705123798310
439826417 248502984 856923989885439134
246679356 382899190 165789728528357556
729736037 321597072 644284215878696806
928394156 515806638 467101846887766582
707212493 834487672 296311340150275832
678802351 317641122 377266356772367336
27376696 184404347 368798634793464988
827180676 129412811 377517325501706276
769399024 55888289 173899964339740062
97442963 984418148 738277634884749901
545565869 224724894 921867103080717521
536464646 204164258 984473045825091313
597173575 400608397 197441134419883844
249683967 228653286 23915057564185506
617177359 573553628 215407426972814893
618163165 526837378 992908329015658727
124836643 762860757 127357588500944474
941660101 615764818 457176446442191171
901279590 38926055 317220471057762611
518870550 449619529 924234370271704203
325025541 723965517 856767967011136753
137063996 508567561 717660045426169313
458252078 557099583 518786909350177924
364081691 972043345 909311386529495781
767580879 782811145 398620945791700263
504367554 680487027 572607947891469596
978339599 772424148 115366928700121059
511399779 367875035 396902787619531845
51479404 239081186 481226258255191232
948365033 981201451 756572862414790413
102024977 91701433 137358551290530564
669438464 227788815 942348155006208138
829569368 427220147 891978558492071314
742350365 484980475 373911279446249421
263998663 347229149 329203959514756309
859623858 588921780 368795991535615843
515843859 243091763 915712662487835480
900060542 33488935 148914255689933873
104474360 380798090 674464425037496839
683931797 290680741 405492387234545371
673184837 280874013 949404747312586784
584698864 153443468 202722832403959585
280730061 13908260 881013684511722482
457517907 571387278 359461425121571275
21092392 792563053 99388910273389974
990764692 536037181 283374621139156004
377026469 591500702 645294598154091008
440166126 748137213 268017892129461400
591260560 345100263 85979009818552725
779797147 944192957 268856299152123060
346408204 580329525 614517405725751236
103912783 440874341 758331735034167586
95248117 139988968 181335529241065480
341980179 940664547 225827679768033486
262498695 440203689 998512210810569234
228647843 852507717 870457877609064851
728231400 724069795 129485487449226237
261439508 600353462 257832444132941005
666445859 338587025 419781022843916726
325816322 255312034 736574121432580650
887466666 510998272 933072072967117152
92665798 923541798 963259498484688723
70312951 441315259 513317782562313776
88289076 685023451 734393382666688139
27405499 549406282 129312358951592931
675099077 603279703 888573306447917549
392180296 781730525 721133298994250258
482095316 599364312 470871517320357057
760692995 296503358 771933480013177770
2264658 233240266 363230404296951361
250403101 367367677 814039457344808512
651737923 941873991 34691222920255225
513397650 147758119 873221312405093166
268617170 89638709 170883137317682146
322624812 913818767 995355715180583743
153846763 469577477 471518909795651317
532200750 384535282 103211800145399807
924404245 841364587 152503988101821519
853326242 238494424 286318110747172680
403599771 39550471 800765510519854265
175045024 762426497 942440787938858032
589534287 966211509 788927180234461661
261803803 295109832 567912211794977625
227370487 578042616 311272161768650382
335966928 518432888 765274811514814352
949486910 922186150 544811442939447615
31089453 657097595 461672582756799058
470129130 812289081 816845129725581987
103807492 277339959 753007737883677185
80841573 78209725 836963430696612813
889279394 484444950 955078699187451100
676055464 295487135 46043830239313419
415956579 948026651 992725126626111615
565206845 203473470 769488175570094739
899994303 38516446 283594101189700505
673962595 575422196 301874666541205183
278409689 276757021 206528593395268257
929670013 742790518 823140746316628366
840264365 897529953 232426896819832910
475529504 595521084 567394260667025345
873790504 938179638 92668313742252366
152007369 110803335 500914017462855899
500549204 58222081 613925790351826406
433200273 76739608 423558451131874390
537774173 5548206 68209957996302773
417372918 627592755 447472924614785201
977805875 242425736 493670591855299108
346614388 698485947 298641739877245433
855184025 575385309 367473885365365759
208935188 497378630 203203260948606729
775295260 943059618 870278277518322498
637186445 154399918 512545060428383448
662859705 242955772 630007883722284145
781852400 126854160 37832655740518787
184874941 792542844 158210789255375068
859659044 936019196 924574231282988829
367260157 602618649 586971724180879147
994077940 124303711 262515039406780626
721523600 481546592 865066259281162087
464122811 457262003 697657641559759406
913776000 327549494 275021415474340500
925089534 975992770 392995544925817602
642603232 976900988 308603340354906457
852475461 228566651 230065263142809624
365197105 146195718 855381531900559411
339383075 701330569 496470875330204956
824561654 74505149 274593746591497360
219191978 704580877 317292691359082418
194506858 433472072 246412398207508818
841101090 923635559 255025483019028957
995496483 134603891 471000566224149784
232942126 445891171 878414351125570322
71359068 465892410 818585458587768227
887526563 478138653 186957773045359755
494204702 66838670 8107342856763176
24812181 659071122 504529093587823175
995347606 827974456 748814385154727600
469444933 980676653 146378047370810515
909313555 957610943 311366265250303534
255016070 195527695 680189232541283945
364909842 136388555 599931209716384190
705293706 910198554 667181227900724014
335802900 793689155 762558302074503524
650991265 775246891 568708243063882815
651466557 862828015 916008844057327178
401812076 378601639 304179286233799785
28137018 639006093 310552140024279962
725441250 655884285 401169126392491934
542669361 301777733 561909243479998611
667433646 667886938 158024146350220421
655492769 233195706 166834441458169162
148988942 592887415 276899967462010005
114849116 917179232 361324677537376420
869015766 970341538 379432003414529614
453534758 615656107 846230017273817765
222045759 966792901 892993394248201191
332233243 15819197 812222327495271911
377694099 283153229 541317847461232090
40528491 378581486 260613366889017905
71915807 629642091 215765579426797614
859452530 270260183 171344852467492038
258270521 734639058 337207865020217561
231536289 680321741 103821890881979911
637145297 572039485 353808879218087924
55500150 208811355 502236955839409608
895592963 114722311 454607877022964522
44994105 550531511 449112951955475984
897678168 816910269 525676935007093511
36518562 948840284 862979449963255228
192729472 730658275 50662999219990709
254213011 377660759 247720979739127343
29730639 721708503 517295352484470794
312974080 141472248 987366769758753780
563012271 713308552 184508900039709107
681763362 441572106 642529629773517409
820725741 902153523 379118369529761246
827173765 117961633 212364690062897941
505673606 541823826 986394864412422080
569880440 751410769 762695301532433548
152552705 625505591 369956351083044776
387151327 23553188 73064823824360937
849112412 755254578 478233318238617967
94005824 107408567 232128662740659788
90609516 458553397 668386870723720561
892732792 725108582 911517495069015097
807684389 844796233 928638086146273403
591344292 539343172 240258051374563243
865880088 488842189 119803210557160349
471478835 548036443 380998583386938192
187747200 434959718 48233621194251345
853235561 518546931 199197215883364783
46156461 276029768 874166535799216425
46606657 5843157 572104427068871529
606380250 304834208 725327687507411636
652295389 627665855 625327170547738365
938510697 208956992 214397728586982692
148819527 16902634 949483481383392966
257990667 173026207 585687171432140524
658936111 992914768 895110975167598337
96078277 245562923 279643108321258925
171377190 452815877 962708106394941244
707376094 764776990 448762343888685766
211855486 207319888 165089088711961863
341889700 996017972 6918821803353358
618859218 822967488 881220318644524118
767727761 199880990 418375352614934269
993536938 209549215 319250609268154329
665653501 415476769 184756354736454508
793575720 960110258 802849293924840668
650156471 449513228 483831680202832870
875194016 429939431 30628670676609366
948639782 293899229 637792311028979017
754808583 104198054 852792003711247517
805426617 942984939 859661405991805835
663653934 452128505 349527512165349901
344197452 913545923 957479280336711096
102261672 32591984 441563049691231524
217792201 101368694 851892202291382841
92397665 61895346 338639546510229969
224797843 567298284 323945775846314193
860505891 979727728 798062610125677908
799752165 102363276 283285636255282602
137940062 395055014 109174392450617443
471468589 19842219 925658285846765014
909352901 765341753 397526831343509881
280661058 697488438 897743052037919196
886074191 712043873 383410209830340276
853607259 757901370 297785259775284468
603736488 896311330 195224114028370171
607651158 403825899 85373766649729283
473693432 167875303 722169940856791912
199242992 120923390 580678359907725986
96012638 327281711 301541064633943532
578298718 573477843 254088914603678295
400893535 808832967 548536286104301626
755743334 495018118 817804645579848824
259607108 313263752 243454292311058947
969149366 351369707 789673021566317812
774176675 133471765 376448503054663549
826727172 3678902 923994077861881266
605446731 18072072 112970460530068204
848913258 909865494 324842268039821781
381521103 482580203 683421198297821958
700033094 872135484 815980282282096127
582286189 574073073 408467220524944345
798704658 774725604 294455896530436491
335021264 162902040 631526577799477487
999612245 677103234 835892720885412002
155202083 810092694 920133779275788746
124637595 123278014 850355622291490956
384544545 594600373 373578536081074080
780046539 523909417 899755832562804484
711813787 991318157 705417756734899722
498163151 999998401 313640594791685172
794939918 259574352 706056876655204858
768363987 759957457 858497401369684669
462732756 998494369 568957959086302887
820016984 661242595 346804021856743469
52373819 848281045 367330982589176297
596546742 405041034 448593055795010271
756731347 150394685 629573014984423151
912064427 541805382 51311046353952151
577937448 920400315 926468100425308019
892685922 934471183 285036091617429583
820739248 739666677 931944838337849683
425711677 564227883 773602947511904950
749254333 256397434 772275963484251710
372475011 163820566 84658622154618258
410691381 408816754 45981152005043569
384371279 560883024 236261715481355260
670182011 460263139 193414514690428064
630045927 323935293 646440803133113948
30571536 199003490 868797525268603266
398803439 323476217 797408391477172481
255033728 405096957 506780732808653975
243729916 372811099 785761784325000373
27516958 927341947 645497693528081043
464830337 336554466 15350974648501832
127083409 235934325 444360769736649433
466800717 732972058 445470391274644028
512691391 336445913 770179299766920838
545898547 778818051 319186012979267182
346468137 847059658 558066140915692429
882041937 97574748 220038966357039481
19916957 571219606 966780547289037110
130080668 592172382 839173486304786140
884865885 277671487 640192868480051026
274285952 725333786 770351327224060121
785377200 506473457 927551496929732706
277901977 392528563 711058400281315054
818855664 507950836 208769718050828432
718530817 133256364 788652845454202519
112368754 162335330 966754448229138908
486973848 86340011 752918766727116713
417713665 585632546 230875932508304926
940052288 711179188 902814736189217708
379552257 595457821 622735858127235720
82655793 986593258 979094419677021160
797370874 810854037 480918199628758773
966304946 910243952 102775108990711887
764641943 767126975 501004798180306170
299081367 692623250 971600277351422234
308004752 93036078 882367726693962104
786435849 231295847 748493266179192883
720099558 529973292 374913200655732521
295570279 801002334 472083973473097328
813650291 240897669 217710960085608631
474731662 411134994 629127807398393148
128894982 79783614 275375022706660791
290425616 124939167 446756709312016014
557189495 717610246 299058757811855266
765661106 959842684 396660654453331475
974025277 392339891 806359741034221663
175631590 165997334 112890467086270971
143608138 481043843 180720017869848301
77459994 919404769 424137183601787010
73014455 507651413 808957915034581552
117762952 626320047 782906837891731738
114468286 430206281 50861562998189334
258750728 360596876 89304856156612338
287181915 744802275 290025652623906843
53731677 249314355 104274264425723369
769440425 207702585 756544950254037730
208459945 557909272 294404992923888128
687893809 747483881 550799683310209009
434095328 193963451 34016141213153998
158171178 326585937 257531010469679813
528088673 161987632 925918633195843542
667292922 865834383 113019861815396865
521101350 533649921 588938683084242423
813910415 926476285 874089085856539128
493697551 573872924 23301836638536528
277290180 497677017 789900362149638329
869044151 736493892 396258022506999339
665299608 800602919 576786427075132967
703047779 391139993 777999537680097538
513678566 86975805 60910013649843172
120179207 378898053 298524276096444400
605576125 763818607 415254887760728385
572540374 35266086 600464376468073243
196834445 143220421 692220257332140425
959859817 114793389 114046247675265565
518633267 270019415 882879114288104094
130159153 959408107 523681363465716623
787334803 378792183 65693223700899537
468666964 701192825 897612057316720304
137050082 839491677 826790151897253760
50309364 501456467 370389534140038770
65335915 818794283 144007962348293723
433237731 890215693 766487732599367465
836836223 688041234 992335676178984071
863900758 850921981 28273782638279532
555275899 551310570 568016215446463956
662904899 541128578 745912724250223912
946003329 9261569 232845658018368911
987515706 87816181 514607211761959295
62839130 130184163 947763580160716947
953996028 165984800 213855081753201248
959013737 255357989 690481531080518775
179468369 817594004 386684098352793202
692556705 875803183 924716426767066224
309689932 581504031 362045562389755253
468432762 450404938 667300657242710743
125566592 657098325 3911397785815613
460761847 930095402 163144923131897989
691810308 793460854 727375129183997705
356659286 361662017 774743306006337079
414548718 777556160 625802413629475696
611819924 310948166 706901885255420451
395083573 989876898 576481066696336231
40263714 351225174 56014353617669867
224747296 666590579 288967300366464291
818602430 886729793 32544842160544010
732864323 142402588 174850512281914596
545206843 901911771 948392470375060954
276239865 629797081 948352316389631504
76707893 200991889 127567151230009717
10132264 155722384 305434736492782888
476558011 734193560 847675176508551018
302339318 638302851 747281656782749175
451136604 459426200 594989720338303836
810411312 522900656 510836081300170148
3311592 269081033 360059706174750760
104386185 2469142 11889339126380830
51573553 473764374 547195592793342953
500167115 736818613 401170395547778922
765717297 604842033 97116154417473412
510964953 977675877 135119309857130742
392174293 451071824 843686095126230649
483256813 914547624 370569711218775407
684639640 556198647 160632527015460517
248010931 720775907 724377514499854386
168900287 756186114 684484820748450912
14719818 60138072 117527316653146891
453239952 882659317 757889703080370428
527779236 928078520 744550209778191802
461625981 156103670 859988983912246653
368524630 161704768 120320867140812383
414549913 556506633 640819464318701582
970844886 301896743 519805163959380692
158279361 443754985 4491297453225422
987083389 799351698 908339554394009627
757362305 629463299 650853500135504308
701662243 937757484 972771532401058504
628219145 421676116 81268557805691606
89497739 761560214 276269981045131583
120477421 913670812 649578943273471170
422329551 530072539 474364749142301368
188611125 899214039 152306924185149774
70026754 816697056 280103739407373757
41374125 458728574 881333665548852464
433137487 67259410 720984242449275758
822603669 596891403 216136904095545114
318973102 290651678 11409452114361305
347986743 92120490 154222015222461919
330089225 814241959 151025532607222093
660295869 316756262 63483577289242899
78338926 448821919 796493523554659575
837772207 10651591 794308979939668646
124812274 494525519 884797629998933635
882101989 45137879 360362159510313229
547034959 587640362 571168131145307965
207584292 952219876 276356894092468926
96497644 731449380 125141106778383325
364274593 184489793 252010627441020100
457925809 342557645 325089133144982722
554770493 235895992 648825398893887237
911706375 210038934 750777332093503046
194481256 459184258 27396843930587899
170225301 643926953 135450545655339980
981485465 508485636 648350883829215655
761102532 11864117 631122604274916408
996308041 339642487 510108509471093784
740822687 975601251 675983254554657543
652075478 70608023 38718726645732293
714384443 55423463 433694298409101818
579601386 455307979 4420090734380984
672535034 164245103 977388022564698375
335356950 639797007 520941280435024969
894262375 130048662 525273035970321240
687994575 757022009 211522746666878869
566358890 138257801 132304797380893870
859279205 998997980 222882894140597960
44623308 649758247 241946068316429397
360734194 233537968 956557818294541312
96889374 69808930 732217703834662085
734883672 556849266 670311908495807328
198896656 917807000 944872809951129035
86419064 772746749 622669670978897356
821517397 189510015 81748480008218223
209015014 950435010 701297247080421703
631611188 974036769 507362708919114160
446516893 530109756 482291565023572859
734282508 140225404 898586230942561419
851940671 17324943 7838998505744688
818706888 118825905 610392862980334290
391843205 49505602 569386741421187344
32318258 129297783 972472801520484504
477880575 21893285 646867340021160802
394556815 162625362 882860919962993405
366707800 331548942 130283235826806858
57107159 295868215 60480620853255890
314661207 631026524 687386985596208338
402970948 761972796 752332480089669648
898366265 276506593 82487793457981815
517628589 127636480 980632820317804406
935608553 92116929 306019471663789917
359272778 664696371 93584885971886080
352375867 97873185 642758309002436461
519965209 141699007 11854247636892213
303112564 148906524 242771960604417061
777353686 340208831 146469484238856727
542432262 478538707 682887117965879464
469027597 997887385 726805068117407413
323923856 39532080 327852027031667360
561571537 466871894 930042047898528929
391931896 223596189 968937519222797777
203394772 142792291 989112898995236631
656975401 61845931 432263866147861318
65261774 810079510 642723928745699453
423464599 609200981 492275591189337358
699271826 963399271 37398819331647157
670997583 651803656 480062752714662978
547095389 346482988 454873091374640002
380814043 755301953 430276914214313961
216645 993860536 938916574834288743
293677181 914897069 482469184273092037
726558534 869854848 218500138555602352
117445615 874671371 438420720822413513
93457126 934026126 148665576295671731
605745668 404376761 684317572396991700
264899250 64458679 6524246835072152
65270085 810704942 853718843166313928
818726441 141394105 641450647628399111
634317867 673435112 910106819389282424
655648475 428544380 682415122131944944
284287033 241918106 336255942109865057
164243691 112911004 587238132332267453
245045360 680371589 205572656681444649
212715951 443359636 494690575117911843
800517078 512118972 630555454188389801
189397388 40362226 465143199871859668
531050971 748989041 138323968980337170
297088846 631539633 942673966884558689
385010955 289758387 729757167414596603
55486462 259044662 692912549572164151
470968231 6765406 772914266058409957
957181729 237942686 848217856270964232
591584350 910336505 57979898405908701
941256794 935649741 410997764944255172
33610687 952385350 865184700747675094
521256303 198688637 320327880778498205
323362710 955731129 492567029303047902
674577657 249777190 64633788078687998
611809116 390124675 577168945526725451
397595740 323561328 853726885651407356
43359867 707018634 112844142630358906
140192291 530538185 1667285111014970
389482786 880213550 84409441974937435
316313231 83512602 791778315576034215
708764524 929756807 374096183650837833
88198556 288750701 508904081696876449
69710721 294897891 214617575698801249
891373218 421608186 635018957328539180
353247468 540108521 914926059498227885
379299319 460282794 945899755968043087
103473720 397501166 561917049514108449
517259353 354695294 730916236841787457
711245788 521412970 621902832180238178
715246605 963995364 190537886739570798
733527720 744085127 139463032712024737
409481407 809409994 816507679753093753
162189629 507261024 397336676215892250
423975376 252562631 129167037821306289
994136101 932198894 525988182113654268
327461123 954232328 440539451720609091
628280729 940142723 932672067595931911
269217679 262988702 849601528229649918
880748877 245408413 539875524888857956
465674728 300681941 770526792147854570
963160117 501843444 499601200935578029
704302038 559986842 764824652961104936
78379611 782804399 718444413444301457
462756427 173136910 740806169217534183
121425732 270220533 783750424803302404
99832396 499207910 741356140226935074
463811653 948864254 684518723798471132
866335234 773680611 621270247067026076
745080319 527715565 482339394781869326
819741184 45206147 940631169123829599
306481351 224518931 700286025565266809
28223412 67635100 525506769494865750
410758382 316058184 624163088641103349
727218192 374498904 847830127710208655
357106970 726844772 535831271962982362
323463234 953681894 13578493642679514
267553481 357577390 593708991324463127
27605818 519287782 496796550999420996
151492305 407199570 919424581919129881
679637381 667026477 401170385142329951
909737901 214554350 629559799074752763
824988594 254611985 64768531044130705
468979722 522716228 756730885942939235
707754940 116528969 297802203742965366
913921647 51338810 819424572998187284
399471160 273009976 749947715338907575
201168728 722876733 324111598446197242
845034756 790346777 70297160648614592
711675125 270532479 748668867967736864
800771198 602048821 396631947674120554
580034909 917468131 896078610148086742
666141414 714915824 170080546269878712
611874290 831754011 451741076717346246
91604514 513898039 733971601275547290
607393295 755752702 550094275799938002
1306891 688817156 874058970414209180
457899380 516685650 86981563030136212
947246509 273860804 954425377244733515
131372129 241632551 103088022240928202
258549833 661054405 32791787844064977
215278172 769208968 355282216087600415
358712937 52211238 378803400076157438
204598813 64391974 518273523188668118
771117665 138536309 886401517604312263
166499635 646219091 109054887486649379
397234658 928335733 336714637841078160
349270677 148341888 8485567291382333
945289150 806047689 731875237767373165
396203666 445448157 702074394320217611
491080764 978723543 927394444364705494
245263257 332285883 526097208155993735
725014928 593701725 289197131272532720
955203676 828219812 367644439801183407
659590129 672275129 364133919301700823
933946130 557458481 73935961657033818
655459948 325058417 454877021210770878
704379347 752816602 336180663606999583
856975431 62611766 666194684879736867
903718057 264581626 942269162694253974
892465154 639333840 361972033747299944
778153882 894789656 342893877030621281
193189247 917575088 689610101683389102
357021474 158163387 795557815799915621
94322639 529932926 471882142489731302
232420077 153727334 99881785607529015
433125867 920932982 114431508800367375
274447968 760808506 709265020611302556
553377473 319832258 406560274125849578
745931359 534358441 206648921811734529
328816283 691581453 911603536589763712
758007335 8931074 581074687846085083
547946478 674163995 231493562589163926
397711208 504540860 127867921943532691
691132367 27388176 192946814604971758
509251777 918314847 27233101802180801
766203482 877644833 814347502085950309
740657020 785251477 116355617072915934
472645385 784842652 14058052569591926
195334937 185188649 273146288666036635
553376754 143541673 31212882322652845
825161752 502647276 923372816821313823
988458178 79686173 660499687913145877
82440382 172833985 141862294347756015
350575180 554729912 117251854372742054
962417672 821146668 475869947470918297
445177521 681064378 928600164616336039
234625990 644874084 290949100314998279
744643499 458086719 592863746567417526
176020997 177108893 218225130133206696
13876660 237764019 147133777893818364
31186798 610379531 337293787300064837
523648131 866989543 495255547440382159
180454122 238465844 194737982543387331
219594714 146850917 588547062619340989
64047794 366640919 221870066841735913
570020598 102211282 180208885496264112
931266558 223036553 551143141374667938
564220068 609839146 350038032634536694
698706932 702928711 470420683551078872
828431816 759229685 492110347444251290
528774652 743644837 237437469069198820
509556680 744048796 958889949460587119
159493335 732958581 680025147294645721
555551961 426347204 824316222628634124
415870914 376081335 497700730636054780
794730094 821109187 110870500262019659
337514550 106051553 625101929857138886
353220851 676636129 106422785023541593
273347158 820775901 766518914004859067
589722371 26916886 428170676256244157
309641759 823808510 890240956632161165
51049848 741027850 732299061673750021
161254549 43980203 996702870137087782
327680568 827703611 919249159067848260
413610475 177388498 337958464234721248
290683028 578965888 825850709069306465
824167894 900573797 953733917142936574
187968249 152654607 263800577397727663
534380405 800870238 176709617324909807
669243770 224112686 489391118521010571
509080358 946490794 628811368945697529
487230987 844849550 963404844127213164
251167742 418345650 256246381109109553
286640094 697218396 583480391532797346
760587839 2744607 934558716618849097
732457823 829830248 951597216804010882
578055816 981942993 394868076359810882
544460053 801212832 376513183463490375
96064027 705608341 807990958595651747
336950120 393271942 965535996753801806
959532006 193201216 836266113536767318
296473737 554351267 616592542401686960
805079684 258304405 660340129934633899
751036484 316682894 711209717180288203
497697563 159674544 777237831945068195
982114899 96386721 807087342816581532
980799823 592558899 163447995198802086
35160089 799819442 274909198518734856
52012341 698662121 161131293099343720
69395875 810552863 751403107533682469
460471060 894547135 444465960968303933
972170086 424177452 730076825531290485
37679168 660607389 181335099579488033
76360770 147672261 6839254404177383
488998560 681499199 372538708743356050
959145366 41499623 335932628512361114
375098725 42431386 454222991742775831
225366445 455829531 276739109140377678
828629105 105824854 508776476979145328
146603752 877775933 229017687964435012
848274698 69102323 698474561525009931
316621751 737201662 168460592668580098
476027295 680589213 22013404665700670
573532100 431445540 53391227941276921
211640074 809308217 332884165233005973
286400182 961212446 931358672165673824
13886838 387408313 274632525973103389
484207185 912104600 68499723016402400
843593741 61480552 698507159878764019
959713032 346888092 714200035140290493
600353925 582759550 957062290076658430
590110568 776827096 508794828106565974
161830487 416975981 943845163496626084
250276258 901843343 662010599167882858
706201265 529318386 626257209528593508
333882903 483579200 101468013150923112
919351530 385450715 964486623112093255
491017924 115077179 918907561812543435
781457305 288678932 54494719746538406
723018205 595510869 26038600461669993
540814651 870774722 502682666356444273
396611289 829714410 951870678302585809
118198750 991552641 424848872286326656
439950658 439605854 74546015984671869
584606456 361343812 423053979912477521
65951526 166116317 436946115000484474
981079653 74431109 479082679257118614
477951555 194256111 52759477325831430
41717693 673495511 229721760360598552
956945614 806068628 355062961434896240
268404038 599490701 144121542317689325
47155380 632676176 819199338793296871
819750648 791491330 262019355290743968
470795581 340742905 860007616812719348
697278124 973477436 258390100025479124
334280081 786825161 116591028775246575
857009452 35825260 481307321508580082
850902276 5607267 670036268228565335
67043527 73998824 582997546296146105
896734144 718228001 366515890720547664
