1000
2486 1682 1791
4222 584 302
1770 351 752
4073 1957 2614
2417 1709 1505
4794 2357 2803
4412 1403 3200
2648 2471 1462
4825 1123 2921
2100 1177 1306
2083 640 401
3887 140 3816
4663 4221 3459
2145 1775 1275
4949 4792 1910
4599 3255 3914
2897 2385 2751
4075 2577 280
4324 3335 2815
1929 512 1406
2244 2237 959
2461 1490 1553
4286 2310 3384
3448 38 1758
3292 811 2819
2967 1948 217
3942 2335 2168
4984 1898 1520
3711 1383 1659
1541 936 323
4509 3101 2853
4366 186 1873
1819 803 1597
2837 1841 2467
2196 1623 691
4141 2872 4046
1828 669 1498
3564 1770 1654
1610 1133 412
4819 2481 1732
4219 2676 245
2914 2052 1314
3107 713 277
3226 538 1338
4432 1849 869
2678 2398 2061
1489 440 415
2312 631 87
2719 242 1275
1229 414 1006
3147 2583 1168
3947 39 1654
2017 1291 509
3871 1290 3534
3130 1949 547
2142 1806 2030
3320 2602 371
1450 160 1433
3569 2132 886
1173 214 35
4423 2317 1240
1838 1244 1463
4146 2820 1769
3390 579 1989
3619 1062 1274
3248 2702 2677
2815 2319 1118
3418 1650 3191
3536 587 3017
1031 160 188
4530 2518 2867
1994 1329 2
4433 1703 2992
2257 483 2043
3411 3188 1189
4734 1500 93
4647 2960 2418
3563 2162 1750
1339 1251 905
3412 74 1541
4780 2790 409
4314 3778 2693
4670 4008 4056
1755 793 1486
2435 1180 93
2768 2092 2405
1530 1180 958
4024 1964 2604
1504 369 469
3059 767 72
2360 1224 2163
2247 1441 1786
3823 683 1461
2282 1427 321
2669 1834 76
1103 845 345
4122 2640 1603
2954 2319 659
1537 143 242
3659 2730 2481
1567 437 383
4322 704 1004
3727 121 3596
2295 1720 247
1137 800 822
2013 1788 870
4172 1326 1157
4019 1523 733
3874 2747 3291
4994 4656 3973
4167 3182 1903
2920 2543 1104
2930 465 805
1757 914 24
1992 795 797
3185 3065 794
2975 1136 845
4445 4347 3767
1939 1785 1715
4355 3633 2022
4152 3732 2118
3627 137 1343
1630 430 519
2519 667 1146
2382 2163 506
3993 797 512
2248 206 2151
3960 3386 1732
2968 520 1562
3314 2474 2596
2369 492 530
2305 902 425
1417 444 509
2246 602 1859
4295 2516 616
3262 2201 2416
4434 4284 4315
4169 1847 757
2412 1038 2191
2127 1013 858
1100 82 946
3417 1957 1175
2331 1986 31
3614 1436 3278
3232 536 2555
4427 1111 2311
4877 4451 4054
2276 132 1842
1552 54 401
4765 1897 3060
3040 2124 1594
3155 137 725
4769 959 3210
1364 433 976
2581 1329 1797
3957 2611 2351
2870 1167 749
1753 522 1698
2807 2334 2641
4848 2571 1223
1704 545 870
1369 1056 567
4256 614 1059
2050 326 1604
3346 1451 2354
2298 1062 2114
2381 2201 2216
2846 2580 1504
3718 1733 3154
1277 70 579
4479 3922 1621
1301 262 1090
2813 2357 1873
3609 832 1591
3489 773 159
2656 2269 1982
3772 3389 3128
3843 3416 3737
4148 3010 515
3467 2237 2553
1255 1177 861
4444 2246 4325
3267 1083 795
2076 488 1198
2015 1672 726
1707 1156 597
3492 1816 1166
1325 167 813
2630 1324 447
1372 1264 572
2710 1858 1492
4313 1763 2336
3473 2464 2223
2461 114 674
4341 633 1151
1174 662 722
3150 480 2857
4313 232 287
3156 3137 748
1505 831 38
3626 466 8
1763 120 941
1969 273 1351
3238 3064 2313
3205 591 1021
2027 521 252
2228 1252 77
4153 3622 813
4063 3000 1452
3298 1336 966
1851 931 215
2721 866 999
3157 140 1087
1268 1206 932
3856 2178 258
3474 1774 3304
2815 291 1732
3657 2080 2761
2726 2154 335
3547 1324 2337
4140 4137 2189
2431 2215 539
3906 543 2180
3788 904 2525
4227 1623 508
3715 1267 3552
4980 4172 4933
4634 1881 2374
1144 94 641
1918 1410 1487
3702 1228 2910
3902 2943 709
4129 1045 3719
2513 2248 1658
1458 241 852
2594 1937 1515
4550 1230 2228
1216 3 426
4493 2759 463
1611 564 1033
4574 2246 2978
2061 1374 730
1246 1050 729
2522 216 1063
2018 782 1228
2319 80 924
1875 1426 950
3043 1729 2301
1618 679 740
2207 1655 6
3448 2466 1270
1602 1218 836
3729 1122 238
1913 580 422
2046 672 411
2967 753 2845
3547 268 2520
3207 251 222
3566 536 1156
4921 3559 4447
3037 1778 2852
1286 514 211
2616 1999 1272
2618 1743 2234
1918 845 702
1587 622 339
2507 201 62
1159 408 410
4923 962 4801
4371 914 782
4687 846 1558
1776 1286 640
2488 2032 1073
1060 693 813
3678 3573 3008
3748 1363 3575
4153 1683 630
2940 2641 674
4305 4224 1899
3031 2947 1811
4940 3061 2113
1312 420 504
4977 1577 1003
2957 1522 515
3192 3068 484
1315 1202 512
2403 1799 1809
4474 2704 3137
1835 1196 650
4071 3458 4022
1358 856 573
4829 3624 4572
2352 235 424
1997 1766 1606
4413 2904 213
1666 1231 1215
3177 1463 2555
2076 1224 1134
2175 64 1737
2895 1173 709
4647 2899 3705
3629 1018 3162
3072 1570 58
4657 1101 1350
3527 106 265
3944 3727 3811
3934 1784 3043
1534 1478 462
2028 1151 1306
1239 1087 617
4032 379 2452
1191 533 596
3357 1339 754
4180 394 1123
3459 515 2510
1502 700 705
3045 589 2206
3895 1943 309
2205 1465 1762
4367 3228 1933
2118 1463 1553
3707 481 1260
4380 4117 1933
1464 449 312
3317 1724 885
3290 1400 756
2045 1596 1129
4465 1751 3729
1738 537 1105
4610 2604 4165
2786 228 1571
1265 1077 1188
4349 3133 2699
1659 572 808
1882 643 363
3898 904 514
2857 1331 635
4915 1066 1647
2332 323 211
3322 2397 1862
4103 506 2683
2817 872 1184
2985 2822 1750
1157 484 1120
1154 771 510
2084 983 1660
1562 269 820
2373 184 1529
3328 1967 2045
3411 1156 2680
2744 1788 1038
3730 2914 2691
1192 1099 505
3288 1767 2014
4979 496 2109
3853 245 1686
4271 1852 3572
4324 2954 3513
4277 3419 2188
4539 2293 1125
3104 961 2622
1514 296 1296
4303 680 3538
3729 603 2050
3630 107 1990
3381 2722 1363
4657 3002 3407
1408 994 289
2825 2268 167
3600 2392 1310
1418 1205 1098
1282 1053 541
3429 1262 1212
2420 1801 1805
1113 1041 181
1819 1768 772
2449 247 1197
4317 2451 4032
4685 557 1267
4602 6 3416
1653 946 453
3258 2343 2743
1132 1080 279
3786 2117 2638
3321 838 1462
3962 3261 3706
2083 1241 355
3546 3289 1263
2263 690 1706
2643 2394 2439
4555 1641 2699
4670 2021 1077
3463 2760 2225
2504 652 1203
1440 447 675
3403 1254 1188
1027 936 670
1377 384 241
3313 2764 3025
1487 576 1382
2860 991 1040
3734 2083 2392
4943 1608 2041
4225 2540 1054
3209 105 2445
3851 2441 203
3576 540 3385
3056 93 2822
2303 1481 76
2986 611 2245
3304 3201 1333
2857 2433 314
1619 370 1322
4253 148 540
3369 3032 231
1216 548 57
3295 1716 55
4640 3723 1497
2502 207 1967
4977 2752 2269
3422 24 1873
3692 238 3294
1675 539 1039
2997 265 617
4404 1700 1420
3377 671 2652
3995 3961 1995
4945 1209 2784
1935 608 119
3805 2215 1834
4928 364 1434
3929 3191 2874
2332 811 2153
3231 2089 998
4858 235 3842
3975 590 346
3623 882 2462
3060 1010 2331
3633 643 110
1581 5 964
4558 280 394
2718 2303 1250
2394 1013 83
2893 20 2600
1200 943 764
2906 1312 1012
3041 248 2494
3497 3106 2926
3951 3941 2709
2812 1157 835
3744 1586 2753
2499 1661 867
1593 472 397
4062 1946 3995
3976 2242 1380
3853 1000 212
4350 1282 2871
1119 262 371
3632 1188 518
2376 89 1960
4774 167 2714
2546 1015 1818
1534 289 179
4360 1224 3574
2921 605 1904
1377 833 1018
1648 1196 558
1861 1519 625
2034 814 174
1710 1335 463
3040 2228 683
2230 1254 2221
4250 3157 2990
2667 689 2588
2352 632 884
4362 522 1159
3232 2476 1576
4200 330 2957
2181 1301 1598
3516 2902 462
3228 1281 2580
3826 989 184
3665 656 606
2534 406 1020
1303 331 21
3991 2484 1692
1596 1310 1182
2272 376 439
3613 2777 2810
1665 974 678
4934 3228 3461
3329 1925 1301
4621 886 1483
1880 660 1719
4290 578 2834
2812 1343 2734
4445 2453 1585
3873 242 1756
3980 3018 1824
4699 3292 2245
2096 1740 1521
1475 536 673
3476 2827 2127
4123 577 3389
2289 57 767
3256 139 493
4087 1994 3411
3086 99 2096
2744 309 2564
1514 500 781
3724 1846 2126
3160 1161 653
1746 1345 117
4417 3388 1929
3910 752 383
1748 539 957
2096 112 183
1956 1314 569
2542 2495 1202
4001 1875 776
4504 3053 2141
1920 487 1739
4141 92 385
2409 1031 635
1091 473 39
4380 3701 211
3916 1277 3584
4787 4081 2994
2706 2563 549
4517 2798 100
1909 749 189
1457 80 1390
4717 4145 4147
2144 926 115
2539 482 118
1637 1320 670
3722 1379 1197
3165 246 1146
1563 428 531
4483 2750 3498
2012 1493 775
3704 2054 560
1323 794 408
1091 532 790
1532 120 1130
4081 1618 1875
4119 3876 942
3290 651 730
3850 3419 3423
2867 1110 2097
2144 220 848
3433 1822 198
4797 2136 1755
1980 1526 1636
4588 3429 1854
1964 486 852
3762 720 306
3534 1036 1532
3378 103 2188
4998 886 3803
3813 2978 2371
3563 2797 1121
2010 1279 575
2965 2129 1947
2109 1121 1969
2054 745 1194
2511 2043 102
3510 1112 2456
1562 1356 69
2752 207 459
4636 382 2351
1759 300 294
2529 607 2269
1575 1179 1388
1205 928 312
2795 348 576
1496 123 225
3453 2226 2531
2818 2275 1754
4029 2650 3423
1692 748 557
1844 13 633
2852 642 742
1680 45 497
3046 2504 2703
3819 2414 3228
3048 2517 1549
3976 177 3013
1060 273 594
2853 26 1924
1561 676 605
3442 1920 216
4147 3568 2522
3778 145 3777
2506 443 2386
4131 995 3729
1091 51 985
1928 691 1330
2838 2691 2386
4260 1587 2480
1767 1731 1495
1767 691 587
1561 9 1003
2115 1002 970
3012 2831 2351
3129 730 2961
4674 3220 402
4262 452 52
1952 921 1034
1010 746 631
4874 143 3210
1094 559 940
3856 407 884
2122 1033 1468
1302 493 812
2389 1951 1123
4678 3782 3955
1699 727 677
4844 3181 1805
3050 2008 1819
4752 3469 4615
1082 183 777
4047 3277 1784
1618 1010 895
4182 2956 2244
2353 1705 786
2187 773 647
2171 1301 62
3552 2137 3394
4457 110 4200
4539 1850 1237
3552 3482 3374
4331 2621 1687
3649 3221 950
2171 1685 1411
3881 3762 810
2391 85 1335
1572 333 1497
4119 2857 376
4510 2034 3642
3617 2390 1720
1439 337 771
3266 2630 1048
3695 3032 3474
4958 4885 4003
4120 1251 52
2504 718 1062
1926 418 502
4251 2268 3015
1859 1000 826
2376 104 1599
2155 521 2121
4363 2961 3270
3172 2768 47
1712 310 656
2427 60 2202
3827 2100 1208
1654 145 768
2592 251 2187
3618 1994 2818
1460 674 1310
4790 2602 2726
3580 2349 304
3848 2104 806
1165 81 412
1178 1110 475
4035 3100 1152
4401 2654 1680
3265 2065 2617
2391 1894 1384
3607 1558 362
4992 954 1559
2881 1707 2274
3474 1648 1027
4656 3069 365
4139 2104 447
2773 943 1412
1597 1520 1522
1142 688 999
2421 1840 118
1984 1235 602
1105 853 68
1711 529 17
1547 657 154
1922 463 1672
4981 709 3346
4882 1733 1223
3604 2102 1469
4544 666 694
2216 638 560
4685 1780 730
1239 1038 160
1722 1201 1181
4910 782 97
3363 2844 3052
3750 2771 1625
3339 1173 427
3414 693 669
2239 367 773
1541 1275 1514
3669 2604 107
3757 1986 429
2551 706 1457
3761 835 2991
2564 108 198
1015 645 867
1004 109 615
4203 3165 1540
2640 816 1695
1170 773 88
4173 3011 3574
4927 854 3260
1872 1037 888
3472 3371 3346
3589 1512 1167
1534 1098 850
3363 143 726
1617 1421 1189
2446 995 1882
1506 1265 1409
2128 627 650
2464 2140 376
3907 569 1696
2315 2268 1116
2683 1378 203
2727 1145 2149
1349 108 17
2960 2209 1464
1340 1238 787
1175 334 342
3861 3697 1864
2701 2314 1546
4794 751 1766
1217 1213 281
4026 151 2241
3752 2739 799
2580 479 39
2986 772 2009
2141 186 874
4347 3129 371
4506 3535 4483
1066 1006 737
3350 721 1714
1608 186 728
3579 1278 87
4826 1148 4161
4433 1417 2278
2838 1129 2780
3409 756 1563
2276 559 1150
4789 3145 4230
3423 3248 397
1554 152 1492
3583 397 3398
1004 698 790
3978 2789 1251
2614 885 447
3072 500 179
1745 54 460
2338 1943 32
3461 1523 3129
2622 1061 633
4329 2876 919
2485 966 2399
4451 907 232
2691 2559 552
4572 2645 687
3002 1068 934
4785 1442 4037
3471 800 1435
1360 890 1157
4881 4424 157
3829 2774 1521
3762 2266 3461
4315 3056 1739
2861 1459 928
3343 2788 1801
3831 154 1121
2221 1226 857
3305 2556 274
4597 1367 1152
2555 211 29
4798 3969 4661
2636 882 2033
1771 616 1417
1905 870 94
3981 3878 531
3911 213 885
2802 1218 64
2754 2351 730
4105 771 3013
1153 259 595
3081 2783 2782
1063 404 70
2696 1365 1349
2889 235 1371
1441 1154 1082
2641 1144 787
4122 1768 990
1498 221 1412
3662 1470 332
3109 2192 34
4375 3715 578
3474 600 2500
3939 1415 2042
1068 590 489
4167 2465 2388
2596 695 1082
4615 3767 1059
2227 2028 1429
4153 1167 1393
2278 1174 1851
1660 1518 1498
1165 1104 410
3869 2150 1851
1546 31 1518
2961 1515 1960
4616 3799 4561
2804 400 1572
3432 74 1508
2336 1173 1123
1334 205 227
4456 74 3474
2027 163 740
1206 378 381
3971 993 1729
2430 406 1618
2893 2543 2115
1013 760 873
1835 1559 1172
2834 2744 1164
4698 2360 667
3150 1974 1662
4436 1751 3008
3742 358 2041
3333 917 1110
2837 634 961
3851 3042 1427
2595 2526 850
3019 893 2687
3387 966 1501
3187 1610 465
1212 846 1050
4646 2354 207
2467 1322 1373
2628 1514 702
4853 331 3382
2172 1123 2058
2194 1016 163
3416 1276 1494
1260 422 1027
3460 1761 608
2444 551 630
3493 188 109
1621 1524 541
4283 1152 1241
2203 2162 730
2336 492 2153
2329 1358 1587
4710 1120 387
1029 566 245
4248 3782 1899
3983 1451 607
1505 583 1398
3920 1178 3648
3709 3493 85
2596 2356 684
4710 1651 951
2361 2062 144
3667 346 865
2544 640 1784
3835 527 2268
3529 2757 1991
2688 2150 1695
3412 2586 3166
1563 340 132
3564 3270 1838
3451 1800 2419
3172 2773 516
3244 2405 2347
2657 2301 194
3480 845 733
3148 2631 276
2857 1244 1185
1755 885 384
4868 2368 1168
1368 47 1354
2406 2388 666
1053 637 636
2735 711 2135
2030 1241 1003
1118 856 818
1215 64 982
1980 1926 1182
3763 3252 2232
3599 1961 1057
4213 4059 430
2762 296 1705
3538 397 3335
1956 1323 66
1467 258 771
3877 2269 2538
2079 1205 2070
3901 1468 1041
3419 551 745
2088 1161 841
4081 3672 2658
3937 2220 383
2846 1422 2538
2021 1691 1544
2489 551 245
2837 1531 2354
2763 777 2388
1242 12 938
4845 1005 3382
1416 666 391
1611 1528 475
1071 241 875
4178 2230 1473
2285 650 2204
2535 1579 901
3681 2004 96
3555 3542 797
4081 2354 2587
1103 851 634
3740 2288 1432
1162 479 1053
3490 2479 1820
1240 1035 1102
4615 4286 406
2010 738 921
2878 514 1433
4984 4522 2012
2952 908 1479
3032 449 4
3286 703 694
3579 1753 2358
1254 144 45
3153 2195 999
4737 2490 2134
4563 118 3953
1348 173 286
1785 605 3
3010 2049 2537
2864 429 1210
1735 914 1459
2612 93 518
3437 1471 594
2690 2405 2239
1240 78 1111
4151 2186 3423
1362 1140 502
2724 773 586
4039 1533 1205
2286 1662 820
3217 1829 873
1470 507 685
2419 2039 334
4704 3722 2723
3918 1695 1507
1489 172 1263
2993 2003 804
1437 1052 757
2407 803 1864
3578 3493 860
2899 1569 2151
2613 2455 2461
1435 25 595
4758 1676 1044
2084 753 135
3561 2714 46
3265 2686 1535
2601 1775 2207
2931 2603 2714
1955 87 810
4880 1963 2980
2136 1067 657
4865 4459 2318
1248 463 1175
2097 111 1015
3532 1000 1112
3457 288 2441
4282 1145 3396
3774 2440 1699
4980 608 1171
1619 513 1580
4263 4253 1194
2797 1719 2123
2105 37 1477
4199 3736 1119
3712 490 1442
4403 152 3993
4321 297 2039
3838 137 144
1125 981 157
4164 3069 499
3646 312 3520
4438 2230 808
1173 53 690
3101 1928 1595
