1000
5000 2215 483
5000 674 1125
5000 2311 1977
5000 1094 222
5000 3747 123
5000 872 2088
5000 1324 3214
5000 823 1834
5000 1033 931
5000 1426 1868
5000 2415 1278
5000 1585 2099
5000 106 4454
5000 1909 381
5000 2675 1119
5000 3708 293
5000 1745 656
5000 163 4010
5000 2073 1851
5000 2427 1145
5000 411 4093
5000 457 1798
5000 1130 1540
5000 1989 2504
5000 602 2135
5000 1006 917
5000 2090 2363
5000 1081 1253
5000 1614 1834
5000 3301 1130
5000 2368 433
5000 3743 932
5000 2174 178
5000 1027 2933
5000 1423 3353
5000 2645 2022
5000 339 4367
5000 114 3395
5000 3654 665
5000 2930 973
5000 399 2308
5000 1490 2443
5000 1601 807
5000 655 611
5000 241 4335
5000 714 867
5000 2201 619
5000 935 1632
5000 1276 2664
5000 3109 485
5000 1497 1667
5000 1357 2279
5000 1676 80
5000 282 1990
5000 1500 2264
5000 4358 244
5000 762 3933
5000 891 3957
5000 974 729
5000 647 1331
5000 1072 65
5000 2877 452
5000 3197 689
5000 328 558
5000 158 657
5000 657 840
5000 2664 358
5000 1420 1079
5000 841 3675
5000 2176 1585
5000 2460 477
5000 592 1907
5000 3128 1187
5000 1268 1114
5000 1254 1424
5000 55 2369
5000 2183 478
5000 579 4274
5000 338 1182
5000 782 102
5000 736 292
5000 1557 1436
5000 771 3681
5000 1380 2686
5000 3488 651
5000 575 2076
5000 2990 1099
5000 968 115
5000 1631 714
5000 549 4173
5000 843 1224
5000 1589 1502
5000 2776 1803
5000 262 3110
5000 1647 2106
5000 739 1030
5000 536 1462
5000 2332 2025
5000 820 1431
5000 702 3446
5000 204 88
5000 2043 341
5000 634 3368
5000 2851 335
5000 2233 2678
5000 2735 2213
5000 1060 2461
5000 428 3708
5000 694 922
5000 81 295
5000 2916 100
5000 2566 903
5000 153 3360
5000 1519 2761
5000 230 3455
5000 1572 2180
5000 4490 438
5000 134 2662
5000 2736 751
5000 1356 2228
5000 254 1597
5000 1107 2644
5000 914 1495
5000 1377 2373
5000 61 865
5000 178 3052
5000 2735 1523
5000 2076 2864
5000 1369 1326
5000 837 843
5000 249 147
5000 4602 328
5000 549 3300
5000 203 2994
5000 1336 219
5000 51 2793
5000 1260 249
5000 1185 2397
5000 3480 1350
5000 1076 1821
5000 3069 841
5000 2332 2507
5000 2849 656
5000 1124 2375
5000 1298 645
5000 574 3297
5000 1805 158
5000 3228 994
5000 2142 1743
5000 2887 278
5000 1554 445
5000 19 3883
5000 1026 892
5000 1060 3118
5000 1354 218
5000 239 1391
5000 673 76
5000 4110 691
5000 2340 2595
5000 686 650
5000 3316 1646
5000 1204 2687
5000 2096 2371
5000 2067 917
5000 2421 2420
5000 745 1520
5000 1768 14
5000 2492 1345
5000 3250 222
5000 1254 1325
5000 105 3964
5000 3395 481
5000 146 3856
5000 715 429
5000 806 3881
5000 910 1769
5000 2146 174
5000 235 3588
5000 1376 2105
5000 179 4547
5000 111 4369
5000 945 3530
5000 1651 1066
5000 241 1051
5000 1786 531
5000 652 3632
5000 2209 1281
5000 1628 1471
5000 1372 1204
5000 122 3108
5000 144 1571
5000 181 1445
5000 2929 767
5000 625 2396
5000 1074 2589
5000 616 3684
5000 1004 2098
5000 417 1987
5000 1414 2370
5000 2628 1622
5000 135 4158
5000 3221 1765
5000 2153 2683
5000 1577 815
5000 1659 2399
5000 1320 2628
5000 1302 3660
5000 3550 311
5000 4241 301
5000 1710 1172
5000 3469 1199
5000 468 3168
5000 558 1294
5000 475 4141
5000 787 2614
5000 1823 1674
5000 18 3259
5000 2827 265
5000 3513 670
5000 264 3698
5000 1634 1008
5000 296 1315
5000 947 2124
5000 966 3033
5000 1660 1826
5000 4524 216
5000 702 4070
5000 3273 314
5000 3719 1171
5000 2722 764
5000 1267 1998
5000 3355 801
5000 1232 802
5000 775 3804
5000 85 653
5000 3008 132
5000 2176 922
5000 2082 175
5000 1161 56
5000 1394 1378
5000 1366 3045
5000 3929 398
5000 1112 2968
5000 2691 1069
5000 1264 3077
5000 2333 1441
5000 1803 434
5000 3740 1032
5000 2837 859
5000 3752 697
5000 663 469
5000 3788 959
5000 3916 829
5000 619 1289
5000 991 3976
5000 569 4125
5000 2832 300
5000 1975 91
5000 2527 1844
5000 891 3955
5000 2522 1182
5000 357 3695
5000 2868 2055
5000 1445 2768
5000 1840 47
5000 53 310
5000 391 1311
5000 1855 2992
5000 1708 1534
5000 1773 2808
5000 191 1333
5000 935 1725
5000 2258 1374
5000 1458 3189
5000 1253 1827
5000 1790 1537
5000 3515 50
5000 2594 497
5000 3928 204
5000 1267 3577
5000 3130 1722
5000 2399 2505
5000 777 850
5000 866 3525
5000 2777 1565
5000 1194 195
5000 1867 2361
5000 1116 1626
5000 2232 2454
5000 3327 899
5000 2584 634
5000 2592 1510
5000 2659 1977
5000 91 573
5000 1557 2367
5000 54 3120
5000 2738 8
5000 881 489
5000 640 221
5000 1191 2734
5000 1791 409
5000 3230 958
5000 954 307
5000 1006 3353
5000 1597 2147
5000 245 2763
5000 3448 923
5000 26 248
5000 1576 2510
5000 597 1923
5000 1490 3217
5000 1512 1360
5000 1745 189
5000 1862 380
5000 3182 1388
5000 3273 1063
5000 77 1123
5000 2119 2757
5000 1469 1170
5000 2231 1857
5000 1243 2885
5000 1688 1457
5000 1998 1427
5000 754 154
5000 311 3035
5000 2398 190
5000 149 4140
5000 1880 980
5000 1768 2301
5000 855 2991
5000 4389 18
5000 2190 1286
5000 1236 295
5000 687 1594
5000 979 2984
5000 1377 846
5000 61 2087
5000 2917 814
5000 3402 65
5000 1306 3619
5000 1411 2280
5000 2225 1650
5000 1065 2913
5000 1952 1636
5000 2156 2338
5000 1630 200
5000 1944 2476
5000 2379 1157
5000 1175 566
5000 1534 2094
5000 159 4385
5000 380 166
5000 2530 1556
5000 740 148
5000 3953 776
5000 2201 2666
5000 2802 64
5000 29 1158
5000 583 809
5000 3653 114
5000 990 1911
5000 1178 3716
5000 2351 2364
5000 4132 476
5000 2631 799
5000 787 324
5000 353 4215
5000 4102 781
5000 4201 732
5000 329 2092
5000 1954 190
5000 1037 3261
5000 264 1375
5000 1053 1811
5000 1227 3293
5000 1831 755
5000 2114 2154
5000 612 3389
5000 2918 283
5000 1858 508
5000 1237 222
5000 1361 2483
5000 404 3476
5000 3035 614
5000 2126 690
5000 342 3627
5000 1551 2959
5000 694 2955
5000 2210 2387
5000 1500 2894
5000 1140 3855
5000 3802 474
5000 147 1432
5000 2005 1658
5000 660 1527
5000 3499 1194
5000 3188 22
5000 4639 224
5000 2169 1441
5000 3515 685
5000 255 3544
5000 2431 2133
5000 1463 1878
5000 1946 1131
5000 804 2652
5000 1 1716
5000 275 2202
5000 3145 315
5000 488 2035
5000 209 622
5000 1477 2639
5000 1787 2213
5000 2342 29
5000 1063 2260
5000 1075 2085
5000 3469 797
5000 2716 1913
5000 2024 957
5000 481 1492
5000 1035 1893
5000 796 609
5000 545 4048
5000 2031 846
5000 791 3383
5000 2238 321
5000 2307 2265
5000 2207 776
5000 746 2326
5000 662 3488
5000 2925 1443
5000 3565 837
5000 87 257
5000 811 2052
5000 9 1983
5000 671 3243
5000 1902 1218
5000 1653 47
5000 328 3939
5000 2423 726
5000 2121 1033
5000 1641 9
5000 1142 3464
5000 2405 2588
5000 111 3237
5000 642 1312
5000 1612 3272
5000 2358 2370
5000 587 3099
5000 3600 417
5000 333 3038
5000 176 3212
5000 1922 940
5000 2205 1103
5000 1436 755
5000 1823 1804
5000 1324 1523
5000 2590 2323
5000 658 3857
5000 2725 1248
5000 1837 2643
5000 2446 667
5000 802 3983
5000 1681 3285
5000 4166 269
5000 215 4785
5000 1006 145
5000 1199 3363
5000 3820 21
5000 1435 327
5000 1637 1138
5000 1617 2713
5000 820 2370
5000 440 4195
5000 2369 1184
5000 169 3829
5000 1974 1615
5000 264 1781
5000 1047 420
5000 1258 2435
5000 1321 683
5000 696 2164
5000 2996 1382
5000 557 625
5000 2461 2176
5000 650 1080
5000 478 3403
5000 3751 1104
5000 1158 1072
5000 874 3940
5000 1600 2688
5000 3875 551
5000 335 3616
5000 648 2816
5000 3979 451
5000 3664 509
5000 1416 1722
5000 289 4448
5000 429 2758
5000 496 3668
5000 874 1471
5000 3939 363
5000 292 148
5000 938 3756
5000 830 1820
5000 2473 2428
5000 1348 2930
5000 2529 1747
5000 1217 2468
5000 96 3859
5000 237 4711
5000 1238 111
5000 1156 2410
5000 2045 2537
5000 2815 703
5000 1184 2670
5000 986 3537
5000 725 1906
5000 1182 2534
5000 98 302
5000 2831 1599
5000 1988 703
5000 3168 300
5000 295 2972
5000 1199 1874
5000 970 452
5000 1859 2304
5000 1436 1170
5000 574 3615
5000 1801 617
5000 1439 3357
5000 174 464
5000 3981 800
5000 1291 806
5000 2424 439
5000 3327 1538
5000 3197 1303
5000 2447 182
5000 679 3350
5000 2 3953
5000 3019 897
5000 2653 1862
5000 1816 1933
5000 666 1348
5000 1317 2150
5000 573 3207
5000 2778 575
5000 1001 3353
5000 1331 2972
5000 545 420
5000 1682 1892
5000 1165 434
5000 2190 1400
5000 1919 2403
5000 1774 829
5000 252 1642
5000 115 3191
5000 3351 618
5000 29 3036
5000 3656 1057
5000 2776 2001
5000 1718 854
5000 925 3861
5000 4734 225
5000 1364 1942
5000 3028 289
5000 2945 1833
5000 852 3677
5000 3733 95
5000 2049 673
5000 118 2934
5000 1873 446
5000 2490 1375
5000 2118 1827
5000 1773 352
5000 2141 2367
5000 1825 2577
5000 197 3061
5000 1143 3281
5000 2858 1674
5000 586 1729
5000 1300 3358
5000 1875 409
5000 116 1483
5000 1640 3325
5000 963 3685
5000 1509 2122
5000 3407 1120
5000 1781 408
5000 391 295
5000 279 1449
5000 8 4961
5000 498 1423
5000 1344 735
5000 2384 2366
5000 447 155
5000 3068 1669
5000 960 2436
5000 1633 581
5000 1581 1423
5000 1944 40
5000 719 2891
5000 424 854
5000 3052 1105
5000 1176 3298
5000 641 1721
5000 2512 440
5000 2109 1694
5000 532 200
5000 1800 393
5000 421 85
5000 199 2145
5000 3057 897
5000 3014 1307
5000 239 1258
5000 252 3437
5000 713 1788
5000 2 4426
5000 3718 987
5000 3352 1615
5000 1143 430
5000 752 540
5000 767 1034
5000 390 4540
5000 877 3161
5000 3388 649
5000 51 1582
5000 81 523
5000 292 3679
5000 2952 623
5000 1407 2751
5000 1395 2180
5000 2586 1346
5000 1303 2768
5000 1286 141
5000 235 4617
5000 4006 656
5000 3794 922
5000 1835 1346
5000 1382 3434
5000 3839 688
5000 653 409
5000 2036 128
5000 2584 626
5000 263 2677
5000 255 694
5000 4002 617
5000 1985 2446
5000 1307 1694
5000 559 2224
5000 630 270
5000 1532 393
5000 4400 174
5000 535 3846
5000 3770 919
5000 1006 2675
5000 1816 1709
5000 388 3229
5000 40 2821
5000 1305 2753
5000 4440 365
5000 2027 1308
5000 2580 477
5000 543 3455
5000 792 376
5000 776 4042
5000 522 4226
5000 1031 2670
5000 1056 718
5000 2473 2242
5000 9 4930
5000 1787 1783
5000 2186 597
5000 3599 130
5000 2244 2017
5000 411 3284
5000 1701 580
5000 1256 1301
5000 3056 1326
5000 1252 535
5000 1035 939
5000 2628 1010
5000 2336 880
5000 1222 1453
5000 459 4131
5000 941 2205
5000 1333 670
5000 4290 632
5000 1013 1868
5000 1425 1795
5000 39 4030
5000 143 3176
5000 2900 1551
5000 1452 1127
5000 2332 584
5000 4362 161
5000 1273 3559
5000 559 1936
5000 1161 437
5000 297 2916
5000 2618 1743
5000 1166 1212
5000 704 797
5000 2232 832
5000 1562 488
5000 2469 1251
5000 2247 2045
5000 4080 4
5000 3827 695
5000 704 3529
5000 325 1096
5000 187 2540
5000 1359 748
5000 842 3224
5000 474 2618
5000 614 1202
5000 2942 1672
5000 1071 590
5000 621 2042
5000 2129 698
5000 1594 1834
5000 1523 520
5000 1984 1146
5000 1321 2786
5000 1590 1944
5000 697 1818
5000 815 1904
5000 156 4709
5000 1287 3119
5000 246 4542
5000 1166 1032
5000 3593 913
5000 3168 208
5000 1367 2792
5000 2685 265
5000 1919 2479
5000 1370 1436
5000 3723 647
5000 2758 123
5000 1021 36
5000 2645 1643
5000 2093 1362
5000 815 2675
5000 145 103
5000 877 1950
5000 1114 2429
5000 3297 724
5000 978 2612
5000 830 386
5000 3712 1240
5000 4399 552
5000 587 485
5000 2134 1226
5000 1402 3284
5000 3180 879
5000 483 2132
5000 1333 1669
5000 2712 1399
5000 597 1438
5000 1139 3587
5000 3872 820
5000 774 2026
5000 1285 2500
5000 4286 380
5000 2866 1337
5000 1492 2483
5000 1101 318
5000 2256 1106
5000 468 2635
5000 1397 8
5000 349 1319
5000 1475 579
5000 1121 1431
5000 3745 361
5000 2144 2559
5000 780 1517
5000 904 1230
5000 3157 1719
5000 448 831
5000 1943 1830
5000 469 1047
5000 633 154
5000 2359 293
5000 323 269
5000 640 606
5000 2407 1080
5000 2160 45
5000 2624 1576
5000 1769 1602
5000 1154 1002
5000 745 4235
5000 1779 1737
5000 2701 151
5000 1081 377
5000 897 2787
5000 2485 8
5000 2549 1205
5000 104 852
5000 2825 314
5000 1414 3369
5000 143 366
5000 2130 992
5000 13 3489
5000 549 1805
5000 100 1649
5000 2289 1079
5000 3575 617
5000 3309 1180
5000 235 1867
5000 1611 1463
5000 2598 1213
5000 1273 669
5000 35 4166
5000 3995 162
5000 2737 1166
5000 1751 740
5000 2009 2622
5000 226 133
5000 1543 1914
5000 1339 2315
5000 496 1125
5000 4129 765
5000 2905 1851
5000 414 2843
5000 3066 414
5000 1341 2717
5000 1764 382
5000 1710 2689
5000 2434 486
5000 1165 2567
5000 1401 1721
5000 1734 30
5000 1196 3024
5000 1321 3567
5000 2497 2154
5000 1023 2015
5000 1773 642
5000 208 2830
5000 1317 1710
5000 25 3276
5000 725 3670
5000 1342 1344
5000 3994 219
5000 1930 2692
5000 1512 2348
5000 30 2894
5000 279 210
5000 200 1095
5000 2158 2680
5000 465 114
5000 693 2581
5000 634 3648
5000 761 616
5000 2146 1189
5000 1294 2626
5000 1082 2327
5000 1673 721
5000 3521 476
5000 2475 15
5000 418 658
5000 259 1182
5000 1407 2784
5000 367 3177
5000 1586 683
5000 2463 1906
5000 314 3201
5000 812 612
5000 2146 1654
5000 3453 932
5000 127 4530
5000 832 834
5000 136 529
5000 4248 402
5000 473 164
5000 978 2572
5000 4026 379
5000 327 338
5000 604 2058
5000 845 3793
5000 1970 350
5000 959 3076
5000 1624 1113
5000 2112 825
5000 3534 1288
5000 953 1826
5000 2998 1055
5000 1526 982
5000 1265 368
5000 3007 1037
5000 1469 52
5000 3285 428
5000 2922 1528
5000 1130 1255
5000 629 887
5000 1982 1729
5000 2593 241
5000 2676 1664
5000 2675 844
5000 1202 1920
5000 4148 773
5000 394 3610
5000 271 745
5000 1846 1593
5000 3453 858
5000 1562 1271
5000 1889 636
5000 1629 292
5000 1665 1875
5000 1210 3658
5000 4480 354
5000 2592 379
5000 785 3002
5000 847 361
5000 2864 844
5000 3089 1523
5000 1979 2609
5000 549 4156
5000 412 482
5000 1566 430
5000 852 1439
5000 4330 167
5000 1360 1041
5000 3725 952
5000 1861 1539
5000 2798 2057
5000 2584 2186
5000 2374 666
5000 2261 1375
5000 499 639
5000 3070 239
5000 3238 19
5000 1270 755
5000 1002 3249
5000 3981 945
5000 416 2387
5000 3212 753
5000 771 1758
5000 2800 1486
5000 903 1075
5000 1652 2471
5000 1416 3024
5000 3693 33
5000 3125 254
5000 161 2917
5000 3674 172
5000 3035 1460
5000 893 648
5000 1998 2538
5000 1208 2679
5000 301 1719
5000 322 211
5000 1906 740
5000 1117 2118
5000 2233 1534
5000 2741 2076
5000 131 304
5000 985 2883
5000 3734 703
5000 74 1970
5000 4014 496
5000 1248 1448
5000 2999 99
5000 246 3417
5000 3117 10
5000 43 591
5000 2901 2084
5000 4405 261
5000 392 4035
5000 2289 32
5000 988 3670
5000 596 2363
5000 820 1795
5000 285 3380
5000 212 4517
5000 1348 1809
5000 1409 1043
5000 1734 235
5000 1660 250
5000 1602 2508
5000 147 1683
5000 446 548
5000 3570 1198
5000 1352 2579
5000 3315 1269
5000 429 186
5000 3783 883
5000 2096 2896
5000 1148 298
5000 2798 540
5000 801 3091
5000 522 447
5000 340 2976
5000 874 1804
5000 2916 274
5000 2349 314
5000 750 592
5000 1122 1434
5000 974 1706
5000 1026 1482
5000 1115 3806
5000 450 1083
