100
779679438758
628636531968
805674821875
851115146080
368612878447
697432701558
398528352510
430818004935
768765847408
834103891801
952006463372
403350280154
464325858062
699308454742
989555049278
554331427801
737442484533
976452662634
444115026746
810896751314
342738669968
20030648931
390122644967
131402191439
272562634742
188796297181
939720463023
744376793275
665355288132
663388440466
881605844342
602158630382
700368721712
852882999551
77497876228
990646759997
58496361724
20081544262
217475659966
112515352961
215972111939
822281488382
626198667569
14234736732
367695557173
628921375697
252502963879
49605194007
796954418350
337780952946
982896521778
670932520096
201753773783
577797980942
204133130230
729179452643
820555366861
775218659922
643113365616
29630074994
574688051941
594799658515
720490131178
808968295512
878571551526
711113335359
288867850912
777675933754
992390417984
344328023184
89421133821
481860393162
596797158653
278457873810
59603764856
165590468414
384086279518
788583452417
46948369648
315379210413
60797686249
509528807664
418103471101
227927082220
723068144801
707281741723
290343914576
235009347266
146851467708
431575779189
470784989568
277252256534
241204187956
368691493430
684587509473
881303805118
786662313395
684915042079
694486139837
44331244896
