1000
903182217 872090310
912902997 974563590
987546641 946160670
912550971 940869930
909160508 223092870
939253813 806566530
916986364 792729210
983263216 948331230
921904910 725194470
973842888 340510170
951676401 805074270
917298711 547777230
948488887 434444010
936271227 987982710
994312459 933722790
974698487 931740810
946843685 654443790
915522618 998887890
910418238 363993630
943158440 591681090
990855966 900029130
983038517 920689770
992167742 792729210
983608942 300690390
925926275 716245530
989664858 678407730
978657269 636605970
909061941 957987030
907696212 999068070
928151010 933722790
944701748 821230410
916040927 678407730
957757733 636605970
960988970 983752770
996426313 708077370
947254058 766275510
906608319 358888530
912382000 406816410
941747418 865554690
928618319 930424110
966187676 953214990
943124488 703600590
996738489 999068070
936610229 406816410
916778584 991920930
988327242 564293730
922750620 774443670
973594994 792729210
925032568 670770870
961859680 821230410
932358500 833662830
908180590 821230410
993075674 572281710
941401158 622311690
959677923 628716270
995967609 616786170
924235508 879248370
972178729 969144330
943245239 800509710
909848519 281291010
914861948 628716270
934222501 965374410
981676757 300690390
996500673 504894390
934409279 716245530
988036838 634956630
987585424 737922570
970898609 564293730
924069397 695524830
969830032 931740810
904642236 497668710
979971528 708077370
998947082 903092190
937237838 622311690
946399477 873482610
977808103 900029130
900438477 547777230
957264719 688677990
918218946 458948490
957623716 811985790
986557182 953214990
999611927 909532470
933779932 792729210
971158794 876966090
905393069 564293730
920914677 703600590
947444565 937446510
923597347 572281710
920095366 531990690
925154192 620930310
925718713 833662830
960351442 865554690
916015850 760569810
926513758 909532470
968649360 792729210
936823443 774443670
975274893 455885430
942823273 591681090
912744885 953214990
932830452 907513530
951382395 806566530
920293880 994591290
930217715 380570190
911585008 547777230
948562008 743813070
931455405 531990690
970049373 959619570
986367497 927596670
995499998 572281710
916216368 708077370
991472626 924241890
986699587 887148570
907775904 998887890
977143145 863272410
961931099 903092190
967786708 588153930
981114800 504894390
981876719 946160670
940692699 485555070
928646822 711500790
904501884 998887890
962147182 585554970
947967569 458948490
967991231 680509830
923170570 999068070
945306457 634956630
934020300 959619570
988831079 998887890
983823688 800509710
921285177 695524830
933093693 930424110
900934808 784653870
969913805 692762070
978464942 622311690
990808585 887148570
972189966 992221230
924192547 591681090
991761575 983752770
909506759 946160670
905741013 833662830
977892885 983752770
958644258 786695910
978559567 965374410
971202150 805074270
909477414 831320490
929241015 873482610
976962077 927596670
907927872 831320490
953908548 838767930
987337232 695825130
958513335 931740810
971908901 741110370
997169163 940869930
996820301 680509830
944242447 805074270
927602158 358888530
943077839 887776890
948969940 861290430
963355795 907776870
986489351 831527970
940961570 636605970
975441197 725194470
908418615 974563590
987345697 455885430
943778139 654443790
910984616 863272410
957621250 481410930
927369952 965374410
973511949 777686910
997811831 991920930
917083033 940869930
921867004 872090310
936027099 931740810
934975590 634956630
915591553 363993630
931774982 920689770
900717988 924241890
959007019 223092870
906606927 876966090
982945327 434444010
997743966 711500790
990353086 223092870
971795193 792729210
985770961 777686910
954649535 887776890
941212611 991920930
990913103 865554690
972593334 649879230
979184642 831320490
974037395 588153930
964264491 784653870
921293997 909532470
984790644 300690390
965146966 863272410
999868132 865554690
947875227 873482610
914349726 688677990
946228685 974563590
957300273 924241890
959476989 551861310
964411525 941410470
901601191 855811110
981025810 887776890
976373094 812221410
904520935 708077370
937729050 800597490
946486439 547777230
917499104 924241890
974931900 865554690
966596285 612221610
953646848 363993630
911943922 680509830
962991429 831527970
958771835 774443670
972063561 358888530
942043178 417086670
917092449 998887890
925632847 504894390
934413401 340510170
957584348 976245270
902320013 397687290
910410266 654443790
956922725 792729210
912721022 855811110
950893997 481410930
992871046 281291010
911340311 481410930
919809021 861290430
994759593 716245530
967023926 792729210
966668768 831320490
970428867 777686910
934723777 907776870
974535459 909532470
935739408 969144330
911341281 786695910
934222810 406816410
969830532 678407730
910382381 616786170
942395208 620930310
964824829 363993630
962368264 737922570
917148233 855811110
975732428 695524830
954862438 547777230
920520598 933722790
966842019 992221230
996865475 531990690
954878622 223092870
994329510 987982710
963760291 743813070
959798405 907776870
937788333 872090310
998022603 792221430
970426575 933722790
920356291 774443670
910599427 670770870
989768411 907513530
906926839 716245530
905730727 873482610
927649655 774443670
982449592 831527970
934278220 588153930
939014079 999068070
957184229 551861310
965702925 931740810
970446260 774443670
982291503 725194470
949612263 588153930
979023357 485555070
924195954 806566530
918981549 688677990
949718570 585554970
901225480 924241890
980405212 937446510
916463729 930424110
926668121 616786170
916476657 612221610
973743072 887148570
974434552 622311690
955067347 564293730
956233731 927596670
933935750 551861310
919717507 838767930
932411800 959619570
904557458 591681090
964364974 648858210
933962205 680509830
954243037 931740810
930339771 812221410
957392237 434444010
962561875 876966090
901226539 703600590
977111136 800509710
936430734 865554690
952554011 612221610
963541803 725194470
935479585 551861310
958054183 716245530
926537881 620930310
959692673 703600590
987384113 750403290
972613966 877866990
902600844 458948490
928789929 670770870
988343317 223092870
963005944 930424110
902087724 979668690
943786497 969144330
982983300 588153930
957354325 547777230
938551387 941410470
973393855 223092870
958147757 887776890
979137450 786695910
952694707 380570190
992186567 622311690
951139594 999068070
931255443 857146290
913936552 792221430
963179404 907776870
901570452 855811110
925650630 340510170
965425174 358888530
991990855 784653870
918463799 547777230
980390753 909532470
996682010 497668710
999412023 741110370
912072873 695825130
994110383 940869930
918541809 695825130
982352306 591681090
908416604 965374410
902120222 564293730
930297146 786695910
976978777 965374410
923215040 907513530
995212674 514083570
957905813 937446510
941640542 786695910
919716573 930424110
915608298 774263490
984459506 417086670
945983114 774443670
980531706 987982710
943941143 688677990
997301363 223092870
943175207 485555070
994592816 838767930
989427028 994591290
998240805 606996390
982920406 281291010
947800583 417086670
959046916 887148570
912201445 512942430
972649577 458948490
936305271 680509830
908192592 927596670
934577953 585554970
992307715 538047510
999068283 223092870
900173852 634956630
942155609 983752770
983962664 620930310
931809687 766275510
932948729 622311690
951911043 931740810
902019515 877866990
985389514 591681090
920559992 812221410
945490963 940869930
990788671 551861310
990898788 616786170
970536542 616786170
937531157 692762070
975326562 879248370
936259899 969144330
959015692 380570190
954513378 708077370
994134706 737922570
923846502 716245530
945547301 991920930
918511881 725194470
923025963 281291010
908756494 873482610
922037596 363993630
944346415 695524830
975227830 805074270
936328909 281291010
919519416 340510170
947095818 497668710
926174188 991920930
934352495 760569810
952123684 434444010
934337536 223092870
955601330 481410930
954834920 800509710
908542572 877866990
994406505 620930310
993530886 974563590
945006217 903092190
950714284 969144330
991354503 974563590
964668031 711500790
943888782 927596670
988604094 358888530
919318851 992221230
926979058 737922570
911878771 992221230
970904408 750403290
907595929 703600590
994868164 531990690
949239558 873482610
938456455 547777230
932814014 688677990
990754737 340510170
909730013 620930310
941406448 786695910
920744624 998887890
952407234 774263490
948516995 957987030
979154401 833662830
948828825 887776890
988320434 654443790
905250333 941410470
909716692 800509710
915539509 572281710
950483158 716245530
943830005 792729210
919901142 877866990
945181477 987982710
912338102 974563590
967379358 711500790
940763888 481410930
932084330 551861310
980395411 620930310
948975011 821230410
901499064 811985790
905854687 340510170
929134929 591681090
968867125 931740810
983656870 876966090
979972640 812221410
944204689 481410930
994327760 806566530
917394851 877866990
957010448 909532470
949031923 406816410
973286071 504894390
920652840 688677990
916963321 750403290
964970744 907513530
967730890 812221410
950315966 340510170
935796472 900029130
931838098 931740810
977780054 900029130
988278993 616786170
999802297 831527970
990739498 931740810
957669356 340510170
959375098 903092190
938890384 692762070
902547931 363993630
915207998 924241890
921624991 458948490
907151414 931740810
994150112 363993630
946052652 670770870
901391396 458948490
931333306 648858210
940135212 281291010
948645427 991920930
930018262 931740810
983360602 876966090
943553731 620930310
919746929 937446510
961026619 940869930
993299202 572281710
907927945 900029130
903747315 879248370
912529543 620930310
994065213 434444010
972236366 636605970
950197585 703600590
968921661 680509830
916785759 976245270
957063842 800597490
933126243 743813070
971659816 774263490
954443460 979668690
928095011 774443670
923551239 979668690
943234745 588153930
910346352 612221610
994859884 766275510
929715649 591681090
928120395 777686910
934787846 547777230
900059988 805074270
908802029 838767930
995687098 616786170
990926125 512942430
971032192 953214990
960067316 937446510
932736507 588153930
968482447 703600590
962986227 900029130
947230638 909532470
936814842 948331230
921057252 812221410
929214318 792729210
939178075 654443790
912205596 931740810
913130374 969144330
965140467 678407730
953445993 766275510
954477916 512942430
915992228 924241890
927058768 654443790
995345320 591681090
990902691 538047510
943132871 612221610
977095914 959619570
964457495 969144330
962760778 711500790
931281106 831320490
918457474 406816410
905059461 512942430
941157273 591681090
953158494 340510170
958505720 616786170
909138005 358888530
964369690 879248370
912968507 591681090
996892451 458948490
919407297 564293730
974391937 634956630
991635242 969144330
905836985 281291010
983230625 455885430
932563707 833662830
933076435 983752770
991943005 838767930
931277858 725194470
967120882 397687290
914553332 703600590
977552116 865554690
988446606 831320490
910147488 281291010
943718816 585554970
904907341 907513530
975250574 680509830
983764535 711500790
916731613 648858210
987792486 670770870
949815537 434444010
927172362 855811110
919142702 792221430
937784520 857146290
986735899 680509830
934290682 920689770
921946154 680509830
948237405 872090310
956371655 358888530
972729766 953214990
957541747 774263490
955880749 688677990
948072802 873482610
982487116 979668690
913107537 397687290
973170460 692762070
951831866 831527970
921179681 861290430
935709442 979668690
995519507 786695910
932181674 223092870
985576261 855811110
954538292 585554970
993340606 992221230
931630380 504894390
911193743 940869930
919325724 634956630
928891710 547777230
929270047 281291010
992937623 800597490
993206146 940869930
999707263 873482610
912098041 680509830
933070015 800597490
948728868 670770870
934461983 907776870
937892722 688677990
992273342 872090310
925384917 692762070
942271225 969144330
919017604 750403290
995394624 358888530
954907820 363993630
942613282 976245270
962668530 865554690
934726390 300690390
979249199 857146290
930447865 940869930
957039596 821230410
936281318 831320490
925778473 612221610
951312043 678407730
921015253 531990690
980722914 887776890
982466193 688677990
997121084 872090310
957417977 879248370
935457147 716245530
922047015 654443790
952523605 774263490
960167180 703600590
935324405 622311690
910063697 831527970
928374003 760569810
994839675 695524830
966654114 937446510
929202368 927596670
982134866 987982710
911535408 695825130
945658336 976245270
933628586 481410930
978256441 987982710
995900848 784653870
990464196 634956630
976952017 811985790
986266598 777686910
924137767 703600590
943920475 300690390
923298711 872090310
950744705 363993630
999178942 907776870
955437106 900029130
968473950 909532470
980632614 397687290
938780601 750403290
981738138 777686910
979232265 806566530
996493638 800509710
993050137 806566530
919039521 965374410
990129020 855811110
942831692 481410930
903192755 948331230
907894027 831320490
923501153 805074270
906147841 805074270
924906016 999068070
922392710 876966090
912828575 514083570
981736083 998887890
990390809 680509830
980142849 937446510
962185743 680509830
903198985 417086670
934003699 777686910
918346929 838767930
993118122 688677990
990253706 737922570
952718279 965374410
918846861 551861310
986017876 920689770
988266317 716245530
981557606 358888530
992828444 358888530
957475877 948331230
989765159 992221230
975994869 397687290
900958575 920689770
964303029 434444010
911294848 959619570
956172121 363993630
965936750 800509710
941201047 417086670
990830165 948331230
981541350 363993630
940602394 792729210
903637217 937446510
963395100 585554970
990588550 879248370
912601315 999068070
963791891 957987030
964495280 887148570
925176312 688677990
906106464 380570190
961273278 907513530
975148173 948331230
947541380 831320490
929729368 711500790
917238747 612221610
937428873 991920930
922127520 514083570
989637025 924241890
997445758 959619570
991177035 831527970
977875590 857146290
951291631 861290430
963721790 865554690
988943700 616786170
970510312 766275510
985397967 998887890
977261731 743813070
938948292 992221230
995086417 716245530
948981261 585554970
919235239 792729210
901797270 979668690
977933682 649879230
980633504 680509830
947436009 806566530
940121789 987982710
974397392 774263490
938517640 863272410
970401554 340510170
939860507 622311690
922602389 628716270
903388637 340510170
999107807 877866990
989090713 688677990
940988691 340510170
905556430 784653870
923083668 979668690
979766721 358888530
940796973 792221430
987657217 777686910
974779906 900029130
923400568 358888530
963559797 716245530
943024889 831320490
979915259 863272410
972353963 831320490
925613085 800509710
909124076 857146290
975467742 838767930
922483986 606996390
947843238 363993630
901385697 969144330
958133225 703600590
901842450 538047510
945057925 417086670
903530586 821230410
946028473 406816410
975310818 634956630
939680054 806566530
961022559 636605970
908485234 927596670
940186883 680509830
967080734 358888530
919128166 974563590
978817047 998887890
978835268 976245270
961275186 737922570
921932872 879248370
932928939 481410930
931753533 711500790
941677798 940869930
912303661 876966090
975667767 670770870
960735545 741110370
932154909 907776870
997614242 784653870
993017589 792221430
934952430 648858210
996617649 863272410
909238682 606996390
916675770 588153930
934263828 774443670
920770104 741110370
929316092 946160670
936494490 979668690
984448692 766275510
985667757 959619570
979502377 620930310
946390865 497668710
961023115 678407730
945670651 547777230
930328964 616786170
902357800 959619570
944891036 774263490
969934998 865554690
925743597 930424110
927058293 924241890
986569671 688677990
935808010 786695910
957040810 792729210
962521903 223092870
995626041 397687290
933682795 979668690
973347705 634956630
954783751 612221610
964642224 805074270
920884367 695825130
961610172 994591290
907185359 612221610
927921260 760569810
982890837 737922570
988399972 872090310
987581017 974563590
964454410 863272410
914861242 806566530
964966442 957987030
988775423 959619570
976058241 628716270
956917886 620930310
953528510 998887890
942506376 983752770
985604200 907776870
996234151 792729210
974556749 872090310
995384642 678407730
942581259 680509830
937895193 887148570
901351899 695825130
946702393 300690390
986676008 649879230
905608438 417086670
961161971 991920930
935365484 979668690
986236414 792221430
909272410 855811110
922722429 774443670
973559872 927596670
932351929 514083570
983084085 616786170
944663043 900029130
946620308 363993630
996484414 538047510
990877224 907776870
932331817 946160670
999428402 994591290
948291123 863272410
948044025 648858210
945695548 800597490
939428224 741110370
932742466 551861310
975250479 873482610
977436679 941410470
902249359 774263490
966661592 703600590
919048631 876966090
904984762 708077370
954680641 991920930
955028132 969144330
986541787 969144330
905984541 865554690
933935435 946160670
912198521 708077370
968514444 572281710
983565187 564293730
909029013 879248370
957725054 998887890
977771515 397687290
969397647 887776890
948680322 636605970
933381911 774263490
999575498 900029130
996140008 805074270
943667033 930424110
973465461 434444010
947870243 281291010
909400965 648858210
916976558 743813070
935169621 887148570
913887122 512942430
997937889 628716270
907695610 933722790
981257013 976245270
948452009 380570190
941876481 481410930
909152594 680509830
934216945 737922570
988142208 994591290
909210942 708077370
983396153 708077370
997260119 406816410
974791984 616786170
980918170 547777230
980639138 991920930
934914450 976245270
991407855 805074270
973062228 920689770
906932958 900029130
955979590 909532470
930570486 223092870
990579861 648858210
921860590 564293730
970194694 616786170
913527483 792729210
977951847 458948490
974548123 998887890
999440497 887148570
975117426 358888530
912444646 999068070
970549515 634956630
973870519 879248370
981907652 223092870
984078555 358888530
907602352 948331230
944533752 876966090
945839096 512942430
953111102 531990690
919089851 634956630
913196382 620930310
931302799 831527970
950268990 831527970
938949697 774263490
975510332 792729210
901533740 877866990
937666361 458948490
934824936 551861310
991323473 741110370
955414654 831527970
912521775 774263490
949567617 903092190
938526939 485555070
926120321 737922570
937667785 622311690
927024973 865554690
998903318 750403290
918928615 969144330
910401273 551861310
970509301 774443670
989222186 940869930
988087979 358888530
913111635 588153930
957052411 999068070
955635063 737922570
916965175 877866990
937580480 406816410
929863888 620930310
974727117 538047510
927412942 792221430
933289110 708077370
991487258 741110370
918431520 879248370
944937018 865554690
976289891 987982710
922693064 930424110
900659152 887776890
951669077 900029130
960696802 940869930
971759572 887148570
927189039 564293730
945372009 743813070
963227706 741110370
998745531 497668710
927999062 340510170
955965082 940869930
903958536 777686910
972134185 863272410
921536973 983752770
917843003 998887890
932115522 695825130
936090958 397687290
959242765 504894390
902992247 983752770
981539030 992221230
906898238 987982710
917088455 406816410
926985839 805074270
998832016 648858210
991550054 909532470
927410065 920689770
956188417 716245530
984084754 931740810
903245934 743813070
916431970 634956630
938868953 800509710
999716323 953214990
988613813 606996390
910235550 678407730
900674497 933722790
989245926 903092190
995880837 606996390
992105692 750403290
939815336 481410930
991921296 909532470
954142388 821230410
907868063 636605970
924681126 481410930
915725558 485555070
910374822 933722790
974507126 957987030
924663401 983752770
926365971 887776890
940304011 784653870
922345912 628716270
919438381 616786170
995884448 512942430
925028060 831320490
963934171 920689770
948729906 547777230
916161505 877866990
931917162 983752770
