16 117
10 9
5 9
4 13
2 12
15 1
10 2
12 10
3 14
9 3
15 11
5 3
3 1
2 4
8 12
9 2
8 6
15 13
14 16
9 6
14 2
13 12
7 15
8 15
13 1
15 14
11 14
4 5
7 9
8 7
16 1
14 9
8 3
7 4
5 2
11 6
1 9
16 6
12 7
2 7
14 13
4 3
2 1
7 16
8 5
5 10
9 12
15 16
7 11
6 1
15 6
5 12
4 14
9 8
11 12
6 10
11 9
4 16
3 11
14 5
16 12
3 13
10 16
13 6
9 16
14 6
8 1
5 16
2 8
1 10
1 11
3 2
8 14
4 1
12 4
5 7
15 9
13 9
9 4
12 6
11 2
11 4
5 13
7 13
5 11
5 1
16 13
13 11
2 16
15 2
15 10
15 4
12 15
12 1
3 6
6 5
13 8
6 4
7 1
3 15
11 16
11 10
6 7
16 8
2 6
13 10
14 10
13 2
7 3
15 5
10 3
3 12
10 8
8 11
4 8
10 7
12 14
14 7
